texted
1
-lweight
0.001
-color
t
255,0,255
spline
m
f
k
c
1220.4952250912122,5.397256455916547
1219.3439716235011,5.615877973083758
1218.7330795266016,5.731702293531026
1218.1163158085099,5.848760760464773
1217.4936865723505,5.967052796235879
1216.8651979792846,6.086577675670513
1216.2308562484484,6.20733452231091
1215.5906676568927,6.329322304638295
1214.9446385395202,6.452539832279804
1214.2927752890218,6.5769857521990644
1213.6350843558155,6.702658544870815
1212.971568953237,6.82955715103281
1212.3022318851345,6.957834925282128
1211.6270830777353,7.087671300137632
1210.9461329791843,7.219069067393819
1210.2593883358368,7.35203122221133
1209.566855946584,7.486560464794707
1208.8685426675972,7.622659191928908
1208.1644554122624,7.760329489416222
1207.4546011511088,7.899573124491643
1206.7389869117417,8.040391538216458
1206.0176197787716,8.182785837852428
1205.2905068937446,8.32675678921652
1204.5576554550719,8.472304809017663
1203.8190727179574,8.619429957177067
1203.074765994328,8.768131929131924
1202.3247426527585,8.918410048125171
1201.5690101183995,9.070263257480955
1200.8075758729067,9.223690112867253
1200.0404474543618,9.378688774547781
1199.267632457203,9.535256999622234
1198.4891385321469,9.693392134258193
1197.704973386113,9.853091105913803
1196.9151447821491,10.014350415553682
1196.1196605393534,10.17716612985842
1195.3185285327982,10.341533873429121
1194.511756693451,10.507448820987713
1193.6993530080963,10.674905689574954
1192.8813255192586,10.843898730745488
1192.0576823251213,11.014421722763407
1191.2284315794473,11.186467962797511

line
1220.4486086054783,5.151641099601399
1250.0,0

spline
m
f
k
c
1176.3657395275397,7.29438998210091
1177.2892073277949,7.221943635494826
1178.207215279046,7.149744851466774
1179.1197542611721,7.077795436936074
1180.0268152083218,7.006097258669641
1180.9283891090047,6.934652242182946
1181.8244670061824,6.863462370639226
1182.7150399973586,6.792529683747031
1183.6000992346685,6.721856276656334
1184.4796359249697,6.651444298853119
1185.3536291056616,6.581296935360766
1186.2220206151023,6.5114419335388405
1187.0848120196674,6.441966874271674
1187.9420483423332,6.37287153597467
1188.7937267177247,6.3041497272668465
1189.6398385479922,6.235796013699031
1190.480375291183,6.16780524765515
1191.315328461336,6.100172564121144
1192.1446896285765,6.0328933764498665
1192.9684504192076,5.965963372122539
1193.7866025158044,5.899378508507395
1194.5991376573047,5.8331350086160665
1195.4060476390991,5.767229356858484
1196.2073243131256,5.701658294796469
1197.002959587953,5.636418816897477
1197.7929454288753,5.5715081662880985
1198.5772738579967,5.506923830508655
1199.3559369543218,5.442663537269155
1200.12892685384,5.378725250207369
1200.896235749615,5.315107164649481
1202.0509243809877,5.219057955378612

line
1220.4952250912122,5.397256455916547
1220.4486086054783,5.151641099601399

spline
m
f
k
c
1201.967893892502,4.222510947966619
1202.3306445457642,4.19228722172499
1203.080651637703,4.129638918305795
1203.824941879016,4.067306310905598
1204.5635079091453,4.005288679836376
1205.2963424241411,3.9435855117692022
1206.023438176736,3.8821964955242154
1206.7447879764138,3.8211215178687294
1207.4603846894836,3.760360659323385
1208.1702212391483,3.6999141899774624
1208.8742906055747,3.6397825653137095
1209.5725858259643,3.579966422043099
1210.2650999946202,3.520466573950553
1210.9518262630172,3.461284007751627
1211.6327578398684,3.402419878961284
1212.3078879911927,3.3438755077749156
1212.9772100403818,3.2856585541346006
1213.6407173682655,3.227874176424623
1214.2984034131775,3.170560334292888
1214.9502616710206,3.1137178781516286
1215.5962856953302,3.057347682454499
1216.236469097339,3.0014506449031595
1216.8708055460397,2.9460276856572767
1217.499288768247,2.891079746547742
1218.1219125486616,2.8366077902932383
1218.7386707299295,2.7826127997206997
1219.3495572127033,2.7290957769891295
1219.954565955704,2.676057742817181
1220.5536909757793,2.6234997357148218

line
1220.1391205585583,2.955610857038631
1250.0,0

line
1201.967893892502,4.222510947966619
1202.0509243809877,5.219057955378612

line
1219.7251769893103,-2.0000000000000004
1220.1391205585583,2.955610857038631

-color
t
255,0,255
line
1191.967893892502,11.063671104312153
1176.967893892502,6.244095826719287

-color
t
255,0,0
line
1220.4952250912122,5.428467332660342
1220.1183104612471,2.6616968853689533

-color
t
255,0,255
text
1190.0,-21.303878327515342
8
0
0-1

-color
t
255,0,255
spline
m
f
k
c
1011.7454148257666,5.39842484458701
1010.8085247230122,5.57636049923611
1010.2019088314921,5.69137405689124
1009.5894624206694,5.8076131219124285
1008.9711915509729,5.925077120688817
1008.3471023404622,6.043765333117387
1007.717200964767,6.163676888870026
1007.0814936570255,6.284810763643159
1006.439986707823,6.407165775391002
1005.7926864651297,6.530740580542753
1005.1395993342376,6.6555336702042585
1004.4807284829544,6.781543996936445
1003.816076669196,6.908923846921564
1003.1456537728561,7.0378513922670844
1002.4694701953431,7.168329400170447
1001.7875326358744,7.3003608448075346
1001.0998478458021,7.433948407469192
1000.4064226333583,7.569094468150293
999.7072638635884,7.705801098039925
999.0023784582825,7.84407005198954
998.2917733959066,7.983902760960021
997.5754557115345,8.125300324448991
996.8534324967757,8.268263502899428
996.1257108997079,8.412792710089791
995.3922981248043,8.558888005508134
994.6532014328641,8.706549086709717
993.9084281409382,8.85577528166086
993.1579856222577,9.00656554106825
992.4018813061627,9.15891843069599
991.6401226780263,9.312832123671424
990.8727172791821,9.468304392780079
990.0996727068498,9.625332602751563
989.3209966140575,9.783913702537166
988.5366967095706,9.944044217579712
987.7467807578116,10.105720242077952
986.9512565787857,10.268937431245728
986.1501320480027,10.433690993566596
985.3434150963992,10.599975683046598
984.531113710261,10.767785791464117
983.7132359311443,10.937115140619827
982.8897898557955,11.107957074586714

line
1011.6987983400327,5.152809488271862
1041.25,0

spline
m
f
k
c
968.1317261403124,7.25030786392771
969.0487310274868,7.178368534936084
969.9603142927638,7.106675034674339
970.866466879558,7.035229157432582
971.7671797851756,6.964032756929679
972.6624440609048,6.893087745221917
973.5522508121048,6.822396091609997
974.436591198297,6.751959821544196
975.3154564332535,6.681781015528209
976.1888377850862,6.611861808021591
977.0567143520675,6.542205368648723
977.9190280330442,6.472839278491221
978.7757804544983,6.4038504998102335
979.6270166991274,6.335238782435264
980.4727339608935,6.2669979751489
981.3129237008989,6.199122681626659
982.1475774357564,6.131607790367923
982.9766867376843,6.06444847049457
983.8002432345995,5.997640167545644
984.61823861021,5.931178599268467
985.4306646041073,5.8650597514071485
986.2375130118564,5.799279873488734
987.0387756850866,5.733835474607841
987.8344445315838,5.668723319210165
988.6245115153745,5.603940422875947
989.40896865682,5.539484048103212
990.1878080326996,5.475351700092266
990.9610217763009,5.4115411225314105
991.7286020775045,5.348050293384622
992.4905411828711,5.284877420682161
993.4785745729466,5.202712522591475

line
1011.7454148257666,5.39842484458701
1011.6987983400327,5.152809488271862

spline
m
f
k
c
993.3955440844607,4.206165515179482
993.914330033944,4.162941211172922
994.6590870762393,4.1007314458776625
995.3981672858629,4.038835166729279
996.1315633537813,3.9772516590775377
996.8592680271722,3.9159804131868294
997.5812741094987,3.8550211200555666
998.2975744605787,3.7943736672436823
999.0081619966572,3.7340381347081384
999.7130296904743,3.6740147906476377
1000.4121705713358,3.6143040873565284
1001.1055777251825,3.5549066570888264
1001.7932442946578,3.49582330793292
1002.475163479176,3.4370550196973926
1003.1513285349893,3.37860293980858
1003.8217327752543,3.320468379220515
1004.4863695700992,3.2626589442556684
1005.1452323466876,3.2052790571896708
1005.7983145892854,3.148366411952846
1006.4456098393234,3.091921853004585
1007.0871116954629,3.035946248677326
1007.7228138136577,2.9804404903888506
1008.3527099072173,2.9254054918576986
1008.9767937468694,2.8708421883219093
1009.5950591608212,2.8167515357611808
1010.20750003482,2.763134510122664
1010.8141103122143,2.709992106550221
1011.4148839940142,2.657325338617466
1012.0098151389489,2.605135237564827

line
1011.3890951578076,2.954139810935221
1041.25,0

line
993.3955440844607,4.206165515179482
993.4785745729466,5.202712522591475

line
1010.9752744654545,-2.0
1011.3890951578076,2.954139810935221

-color
t
255,0,255
line
983.2905440844606,11.055406398370161
968.3955440844607,6.226559822816503

-color
t
255,0,0
line
1011.7454148257666,5.429498475587269
1011.3682850604964,2.661411707016549

-color
t
255,0,255
text
981.25,-21.364751179222722
8
0
0-2

-color
t
255,0,255
spline
m
f
k
c
794.2458023026938,5.400429630994875
793.1395674412731,5.6107175836116765
792.5357556449881,5.725317844807831
791.9262015082174,5.841125769594743
791.3109110628177,5.958140648011093
790.6898903974043,6.07636162198826
790.0631456572908,6.195787681652934
789.4306830444286,6.316417661613401
788.7925088173452,6.438250237230175
788.1486292910818,6.561283920871147
787.499047542389,6.685517688743758
786.8437662373194,6.811101690200392
786.182795163098,6.938211576525945
785.5161446276609,7.066850065723658
784.8438212359497,7.197020089999944
784.1658316442386,7.328724292818115
783.4821825648803,7.461965020593065
782.7928807662404,7.596744315287329
782.0979330726298,7.73306390698533
781.3973463642369,7.870925206447055
780.6911275770601,8.010329297642118
779.9792837028376,8.151276930265281
779.2618217889799,8.293768512234042
778.538748938498,8.437804102170265
777.8100723099362,8.583383401865346
777.0757991172975,8.730505748732272
776.3359366299735,8.879170108242922
775.5904921726749,9.029375066353452
774.8394731253552,9.181118821918691
774.0828869231404,9.334399179095703
773.3207410562552,9.489213539738376
772.5530430699469,9.645558895783873
771.7798005644138,9.80343182163171
771.0010211947279,9.962828466517045
770.2167126707609,10.123744546878878
769.4268827571066,10.286175338724249
768.631539273005,10.45011566998986
767.830690092266,10.615559912901347
767.0243431431902,10.782501976332645
766.2125064084917,10.950935298165136
765.3951879252186,11.12085283764856

line
794.1991400039342,5.154822974174547
823.75,0

spline
m
f
k
c
750.754284119716,7.23330957301122
751.6636993658578,7.162143627581322
752.5677784268705,7.091218333818643
753.466512320199,7.0205354010895125
754.3598921163295,6.950096598425626
755.2479089388835,6.879903753449758
756.1305539647049,6.809958751299897
757.0078184239496,6.740263533551566
757.8796936001743,6.670820097138512
758.7461708304236,6.601630493271982
759.6072415053197,6.532696826358523
760.462884844879,6.4640222352246735
761.313042868928,6.395633968395998
762.1577173241596,6.327617750887404
762.9969534127154,6.259973275356481
763.8307484472311,6.192694470913017
764.6590940067122,6.125776017481923
765.4819817249031,6.059212875793472
766.2994032903805,5.993000283241443
767.1113504466455,5.927133749737193
767.917814992215,5.861609053560312
768.7187887807131,5.796422237206644
769.5142637209603,5.731569603234017
770.3042317770619,5.667047710106521
771.0886849685,5.6028533680375565
771.8676153702177,5.538983634832847
772.6410151127093,5.475435811733412
773.4088763821051,5.4122074392594985
774.1711914202592,5.34929629305587
774.9279525248335,5.2867003797390915
776.3354584932295,5.169871265645614

line
794.2458023026938,5.400429630994875
794.1991400039342,5.154822974174547

spline
m
f
k
c
776.2526324727189,4.173307243454163
776.3418545318668,4.165891856247309
777.0817010103033,4.104249190068766
777.8159579533115,4.042916501021373
778.5446180995566,3.981892878376596
779.2676742430533,3.921177617559816
779.9851192332342,3.860770216022057
780.6969459750244,3.8006703691182215
781.403147428909,3.7408779659935023
782.1037166110045,3.6813930854775956
782.7986465931263,3.6222159919879404
783.4879305028578,3.5633471314421206
784.171561523619,3.504787127180215
784.8495328947331,3.446536775897608
785.5218379114938,3.3885970435888604
786.1884699252312,3.3309690615031093
786.8494223433777,3.273654122111654
787.5046886295338,3.2166597244977857
788.1542623035318,3.1600888187197307
788.7981369415008,3.1039785672727476
789.4363061759291,3.048329802710466
790.0687636957282,2.9931433811229704
790.695503246295,2.938420181360207
791.3165186295728,2.8841611042584976
791.9318037041139,2.830367071870242
792.5413523851398,2.777039026697086
793.145158644601,2.7241779309265763
793.7432165112366,2.6717847656723674
794.3355200706344,2.6198605302180256

line
793.8889907130892,2.9547625470647407
823.75,0

line
776.2526324727189,4.173307243454163
776.3354584932295,5.169871265645614

line
793.4761688877725,-2.0000000000000004
793.8889907130892,2.9547625470647407

-color
t
255,0,255
line
765.9376324727189,11.038683671782659
751.2526324727189,6.191274864434901

-color
t
255,0,0
line
794.2458023026938,5.43160365253921
793.8682330909678,2.660828140684956

-color
t
255,0,255
text
763.75,-21.48649688263751
8
0
0-4

-color
t
255,0,255
spline
m
f
k
c
576.7462006613134,5.402848993583066
576.0772260510539,5.530061110332151
575.4820488693067,5.64302256770323
574.881211465462,5.757174418500668
574.2747197851731,5.872515962904798
573.6625798300415,5.989046355106491
573.0447976575563,6.1067645996626645
572.4213793810345,6.2256695478357535
571.7923311695606,6.345759893917598
571.1576592479262,6.467034171537992
570.5173666018236,6.589491380551071
569.8714558054426,6.713279533479263
569.2199365533397,6.838571760784851
568.5628190599787,6.965370731276869
567.900109836025,7.093679335192355
567.231815442675,7.22350017816704
566.5579424964021,7.354835573035882
565.8784976688924,7.487687532534737
565.193487686977,7.6220577619811225
564.502919332567,7.7579476519341375
563.8067994425858,7.895358270835247
563.1051349088996,8.034290357631141
562.3979326782519,8.174744314378303
561.6851997521919,8.316720198832359
560.9669431870084,8.460217717020981
560.2431700936568,8.605236215803696
559.5138876376893,8.75177467541761
558.779103039187,8.899831702010932
558.0388235726839,9.049405520166022
557.2930565670988,9.200493965411344
556.5418094056608,9.353094476725166
555.7850895258362,9.507204089030601
555.022904419257,9.66281942568373
554.2552616316441,9.81993669095616
553.4821687627359,9.978551662512102
552.7036334662102,10.138659683881974
551.9196634496109,10.30025565693315
551.1302664742709,10.463334034338606
550.3354503552359,10.627888812045542
549.5352229611876,10.79391352174364
548.7295922143653,10.96140122333543
547.9185660904889,11.13034449740868

line
576.6995383625538,5.157242336762736
606.25,0

spline
m
f
k
c
533.3975954523946,7.214511908339464
534.2992594978077,7.144127858145029
535.1956725914031,7.073979391234933
536.0868258262544,7.004068132701169
536.9727103476341,6.934395767504669
537.8533173531011,6.864964039418651
538.7286380925914,6.795774749969819
539.5986638685049,6.7268297573778595
540.4633860357942,6.658130975493133
541.3227960020513,6.589680372732828
542.1768852275939,6.521479971015719
543.025645225553,6.453531844695453
543.8690553376907,6.385839101800587
544.7070577048119,6.318428658300757
545.539654193821,6.2513850019645565
546.3668901263034,6.184707768277683
547.1887629335688,6.118390966677119
548.0052643125257,6.052429353337152
548.8163860140498,5.986817961219006
549.6221198430765,5.92155209598832
550.4224576586912,5.856627331928751
551.2173913742199,5.792039507852147
552.006912957319,5.72778472300613
552.791014430064,5.66385933297931
553.5696878690369,5.600259945605212
554.3429254054163,5.536983416864942
555.1107192250608,5.474026846789741
555.8730615685986,5.411387575363609
556.6299447315107,5.349063178426708
557.3813610642176,5.287051463580329
558.1273029721622,5.225350466093578
559.1949213465775,5.136767792459846

line
576.7462006613134,5.402848993583066
576.6995383625538,5.157242336762736

spline
m
f
k
c
559.112095326067,4.1402037702683945
559.5198055395826,4.106318326127327
560.2490719866626,4.045557168964611
560.9728288303836,3.9851015561650858
561.6910689132505,3.9249505900238972
562.4037851323253,3.865103576042097
563.1109704392961,3.8055600188572885
563.81261784055,3.74631961818088
564.5087203972391,3.687382264743345
565.1992712253518,3.628748036247057
565.8842634957782,3.570417193328247
566.5636904343796,3.5123901755277345
567.2375453220554,3.4546675972716074
567.9058214948084,3.3972502438622985
568.5685123438116,3.34013906748033
569.2256113154729,3.28333518319766
569.8771119115008,3.226839865002813
570.5230076889684,3.1706605047399017
571.1632922603762,3.1148985802497693
571.7979592937163,3.0595907225926466
572.427002512535,3.0047377524163235
573.0504156959937,2.950340513568591
573.6681926789322,2.896399872331558
574.2803273519282,2.8429167166592895
574.8868136613585,2.7898919554185673
575.4876456094585,2.737326517632983
576.0828172543818,2.6852213517304993
576.6723227102586,2.633577424794524
577.2561561472544,2.582395721818594

line
576.3889371376197,2.9516791286191872
606.25,0

line
559.112095326067,4.1402037702683945
559.1949213465775,5.136767792459846

line
575.9763722171333,-2.0
576.3889371376197,2.9516791286191872

-color
t
255,0,255
line
548.5870953260669,11.021704097667822
534.112095326067,6.155705142582954

-color
t
255,0,0
line
576.7462006613134,5.433767071057583
576.3681795154982,2.6602264061569234

-color
t
255,0,255
text
546.25,-21.608242586052285
8
0
0-6

-color
t
255,0,255
spline
m
f
k
c
359.24661025520345,5.404997745547212
358.4283420936256,5.560727290598557
357.83622142270656,5.673223067406559
357.2385285075286,5.78689127779847
356.6352692626788,5.901731088224689
356.02644965782156,6.017741517672402
355.41207571764016,6.1349214340581115
354.7921535217763,6.253269550604935
354.16668920477036,6.3727844222048375
353.5356856612584,6.493465072358298
352.89914537356594,6.615457376758046
352.25707794358163,6.738931945043666
351.60949349229645,6.863891396830033
350.95639843610047,6.99033858038467
350.29779924111153,7.118276063515914
349.63370242792416,7.247706125478603
348.9641145715441,7.378630749782136
348.2890423013241,7.511051616976906
347.6084923008973,7.64497009742112
346.9224713081114,7.780387244028321
346.23098611496175,7.917303784996899
345.53404356752367,8.055720116522549
344.83165056588564,8.195636295494436
344.12381406408053,8.337052032176556
343.41054107001605,8.479966682875059
342.69183864540537,8.624379242592187
341.96771390569916,8.77028833766835
341.2381740200128,8.917692218413249
340.50322621105715,9.066588751726924
339.76287775506626,9.216975413711939
339.01713598172546,9.368849282277267
338.26600827410016,9.522207029735688
337.5095020685603,9.677044915395216
336.7476248547109,9.833358778145264
335.98038417531416,9.991144029039594
335.2077876262167,10.15039564387638
334.42984285627585,10.311108155775807
333.6465575672819,10.473275647758333
332.8579395138838,10.636891745322039
332.06399650351227,10.801949609022198
331.26473639630217,10.968441927053172
330.46016710501704,11.136360907833334

line
359.19990283485936,5.1593996655775
388.75,0

spline
m
f
k
c
316.95564918083414,7.1243092951997955
317.84423487589925,7.054946143278873
318.72764581694855,6.985815154888544
319.60587322563833,6.916917931583712
320.4789083750695,6.848256133919824
321.34674258987275,6.779831480411695
322.2093672462993,6.711645746489901
323.06677377230517,6.643700763455824
323.918953647639,6.575998417434703
324.7658984039283,6.508540648327163
325.6075996247639,6.441329448759493
326.44404894578656,6.3743668630323835
327.27522583050245,6.30765596837652
328.10107254069544,6.241223348205555
328.92159106348254,6.17515225304171
329.7368268398916,6.109442261198884
330.54677741990645,6.044087462441238
331.351434618339,5.979082689192418
332.1507903031968,5.914423046644539
332.94483639577265,5.850103908735196
333.73356487073715,5.786120914120303
334.51696775622486,5.722469962143997
335.2950371339248,5.659147208805631
336.06776513916793,5.596149062724599
336.8351439610119,5.533472181103918
337.5971658423325,5.471113465692341
338.35382307990403,5.4090700587466465
339.1051080244879,5.347339338993815
339.8510130809161,5.285918917593948
340.5915307081759,5.224806634104796
341.3266534194911,5.164000552448055
342.05674259841226,5.103468309025782

line
359.24661025520345,5.404997745547212
359.19990283485936,5.1593996655775

spline
m
f
k
c
341.9739165779015,4.106904286834363
342.6977565472987,4.046744796007333
343.41644296302184,3.9868651478604638
344.12969970745576,3.9272866113088054
344.83751972694427,3.8680083016712237
345.5398960215971,3.809029534524403
346.2368216453583,3.750349821692505
346.9282897060757,3.6919688672435433
347.61429336556944,3.633886563493172
348.2948258396989,3.5761029870165415
348.96988039842995,3.518618394668576
349.63945036590167,3.461433219613332
350.30352912049193,3.404548067363001
350.9621100948839,3.3479637118269707
351.61518677612935,3.2916810913718004
352.2627527057148,3.2357013048921917
352.9048014796242,3.180025607893953
353.5413267484032,3.1246612849819986
354.1723222172204,3.069708341779828
354.797781645932,3.0152028779125266
355.4176988491406,2.9611457021222005
356.032067696259,2.9075376460142306
356.64088211156945,2.8543795633029077
357.2441360742837,2.8016723290600813
357.84182361860303,2.7494168389668916
358.43393883377735,2.6976140085688596
359.0204758641628,2.6462647725344017
359.6014289092809,2.5953700839166602

line
358.88888190617376,2.9485958481466104
388.75,0

line
341.9739165779015,4.106904286834363
342.05674259841226,5.103468309025782

line
358.47657387902177,-2.0
358.88888190617376,2.9485958481466104

-color
t
255,0,255
line
331.2389165779016,11.004471188919604
316.9739165779015,6.119849595129278

-color
t
255,0,0
line
359.24661025520345,5.435990578233219
358.8681242840523,2.659605928827286

-color
t
255,0,255
text
328.75,-21.72998828946708
8
0
0-8

-color
t
255,0,255
spline
m
f
k
c
141.74703138975065,5.407209956179817
140.7912313799509,5.589271716312525
140.20233722988405,5.701266592692174
139.60795869531603,5.814415821342919
139.00810165808707,5.928718435682131
138.40277205424582,6.044173320280508
137.79197587399176,6.160779207292357
137.17571916161478,6.278534672871682
136.554004720693,6.397438764165611
135.92683494168932,6.5176352200368735
135.29421933382355,6.639292129302528
134.65616792461424,6.762412062383246
134.01268703617575,6.886997825577081
133.36378303954803,7.01305194886484
132.70946235944598,7.1405766779214215
132.04973147419605,7.269573967029546
131.3845969156714,7.400045471972701
130.7140652692276,7.53199254290816
130.03814317363708,7.665416217221454
129.3568373210237,7.800317212362763
128.67015445679567,7.936695918666809
127.97810137957936,8.074552392156576
127.28068494115269,8.213886347332199
126.57791204637533,8.354697149946485
125.86978965312119,8.496983809766878
125.15632477221129,8.64074497332583
124.43752446734175,8.785978916660538
123.71339585501528,8.932683538042617
122.9839461044719,9.080856350698731
122.24918243761476,9.230494475523999
121.50911212894312,9.38159463378776
120.76374250547678,9.53415313983429
120.01308094668616,9.688165893778447
119.25713488441806,9.84362837419728
118.49591180282277,10.000535630819627
117.7294192382808,10.158882277213072
116.95766477932784,10.318662483471188
116.18065606658001,10.4798699689005
115.398400792659,10.642497994709075
114.6109067021157,10.806539356697673
113.81818159135469,10.971986377954044

line
141.7002795711128,5.16162032395961
171.25,0

spline
m
f
k
c
99.63310570870385,7.102676160622925
100.51370290927366,7.034106682060104
101.389210253991,6.965764428412675
102.25961904249402,6.897650918542132
103.12492062502224,6.82976773046623
103.9851064025047,6.762116500334975
104.84016782664457,6.694698921404697
105.69009640000695,6.6275167430099735
106.53488367610521,6.560571769533782
107.3745212594838,6.493865859376249
108.20900080580554,6.427400923921458
109.03831402193418,6.361178926503227
109.86245266601986,6.295201881369313
110.68139632331417,6.229472834952434
111.49508737657925,6.164018038110315
112.30352793314387,6.098919504118864
113.1067635534796,6.034176754120087
113.9047919062441,5.969783958205342
114.69760492415253,5.905736025047651
115.48519459234353,5.842028132070078
116.26755294846885,5.778655721482062
117.04467208278311,5.71561449631185
117.8165441382298,5.652900416435842
118.58316131053084,5.590509694605109
119.34451584827184,5.528438792469885
120.10060005298715,5.466684416602601
120.85140627924898,5.405243514519721
121.59692693474699,5.344113270703574
122.3371544803772,5.283291102624026
123.07208143032176,5.222774656761174
123.80170035213405,5.16256180462929
124.92070434848097,5.069925766947713

line
141.74703138975065,5.407209956179817
141.7002795711128,5.16162032395961

spline
m
f
k
c
124.838077201038,4.073345236079562
125.162258434151,4.046467156770384
125.87570755501451,3.9871712658873704
126.58381393938112,3.928173126756329
127.28657058452791,3.8694716664525384
127.98397054063798,3.8110660133185643
128.6760069108691,3.7529554930067057
129.36267285142026,3.6951396245277586
130.04396157160136,3.637618116306224
130.71986633389974,3.5803908622430183
131.39038045404618,3.523457937786026
132.0554973010819,3.466819596008905
132.71521029742348,3.410476263698969
133.36951291892842,3.3544285374544156
134.01839869495916,3.298677179791684
134.66186120844714,3.243223115263292
135.2998940959567,3.188067426586743
135.9324910477476,3.133211350785113
136.5596458078378,3.078662065224134
137.18135217406484,3.0245181033098856
137.79760399814745,2.970815033232444
138.40839518574626,2.917553651828096
139.0137196965245,2.8647347784598676
139.6135715442067,2.812359254274275
140.20794479663914,2.760427941460889
140.79683357584736,2.708941722515252
141.380232058096,2.6579014995047707
141.9581344739438,2.607308193338318

line
141.38877384969305,2.948717615085054
171.25,0

line
124.838077201038,4.073345236079562
124.92070434848097,5.069925766947713

line
140.97747805979725,-2.0
141.38877384969305,2.948717615085054

-color
t
255,0,255
line
113.89307720103807,10.986989092125373
99.838077201038,6.083707081108702

-color
t
255,0,0
line
141.74703138975065,5.438275754560329
141.36806734456536,2.658966110364177

-color
t
255,0,255
text
111.25,-21.85173399288185
8
0
0-10

-color
t
255,0,255
spline
m
f
k
c
-75.75253563104775,5.409489120161237
-76.8338540477605,5.615641907585881
-77.41935187204672,5.727100554461153
-78.01024634164764,5.839695353691906
-78.60653160914853,5.953425206502906
-79.20820177379278,6.06828886397978
-79.81525088154103,6.184284923538571
-80.42767621987241,6.301412455972923
-81.04547549018753,6.419813063315744
-81.66863927593477,6.539652313561433
-82.29715764306798,6.660932727936455
-82.93102436374897,6.78365707076949
-83.57023316201548,6.907827834213762
-84.21477770903198,7.03344723036419
-84.86465162315199,7.160517184276948
-85.5198484699813,7.289039326968489
-86.18036176244232,7.419014988395234
-86.84618496083704,7.550445190414528
-87.51731147291434,7.683330639728613
-88.19373465393232,7.817671720811055
-88.87544780672692,7.9534684888187
-89.56244418177516,8.09072066248782
-90.25471697726539,8.229427617017894
-90.95225933916299,8.369588376941545
-91.65506436127657,8.511201608983287
-92.36312508532956,8.654265614907848
-93.07643450102637,8.798778324358233
-93.79498554612246,8.944737287685493
-94.51877110649593,9.0921396687707
-95.2477840162137,9.240982237839749
-95.98201705760698,9.391261364273374
-96.72146296133883,9.542973009411636
-97.46611440647825,9.696112719354971
-98.21596402057139,9.850675617762882
-98.97100437971426,10.006656398650295
-99.73122800862643,10.164049319184047
-100.4966273807238,10.322848192478919
-101.26719491819426,10.483046380395905
-102.042922992071,10.644636786342176
-102.82380392230766,10.80761184807471
-103.6098299778555,10.971963530508754

line
-75.79933109259491,5.163907800068317
-46.25,0

spline
m
f
k
c
-117.66813409240308,7.079216826184996
-116.79568614404366,7.011449252109527
-115.92824336228682,6.943904068920434
-115.06581436791748,6.876582713546518
-114.20840773196073,6.809486682195758
-113.35603197559385,6.74261752934877
-112.50869557006013,6.675976866750148
-111.66640693658383,6.609566362397739
-110.82917444628515,6.543387739530054
-109.99700642009475,6.477442775611764
-109.1699111286714,6.411733301317817
-108.34789679231744,6.346261199515793
-107.53097158089577,6.2810284042469995
-106.71914361374661,6.2160368997062445
-105.91243318387433,6.151289701528384
-105.11089778753694,6.086812728015092
-104.31453519719457,6.022686755196016
-103.5232997329324,5.958911247041305
-102.73719360741825,5.89548045396946
-101.95622477003417,5.832389360902915
-101.18040111850974,5.769633217495628
-100.40973049883496,5.707207534228935
-99.64422070517116,5.64510807850342
-98.88387947976526,5.583330870727687
-98.12871451286333,5.521872180404606
-97.37873344262448,5.460728522215188
-96.63394385503784,5.399896652101301
-95.89435328383479,5.339373563347113
-95.15996921040983,5.2791564826604755
-94.4307990637335,5.219242866254228
-93.7068502202726,5.159630395928389
-92.9881300039076,5.100316975153752
-92.21281521860419,5.036174325185194

line
-75.75253563104775,5.409489120161237
-75.79933109259491,5.163907800068317

spline
m
f
k
c
-92.29544236604715,4.039593794317044
-91.64913069933687,3.9860076688357102
-90.94634143726967,3.927597735767389
-90.2488150842596,3.8694811056521736
-89.55655853839994,3.81165672159625
-88.8695786456683,3.754123724965883
-88.1878821998589,3.696881451488985
-87.51147594251779,3.639929427362987
-86.84036656287276,3.5832673653688603
-86.17456069777018,3.5268951609928574
-85.51406493160653,3.470812888555484
-84.85888579626612,3.415020797349208
-84.20902977105447,3.35951930778456
-83.56450328263509,3.304309007545805
-82.92531270496556,3.2493906477563717
-82.29146435923508,3.1947651391547596
-81.66296451380163,3.1404335482812917
-81.03981938412926,3.086397093676272
-80.42203513272761,3.0326628454662505
-79.80961786909097,2.979327864839945
-79.20257364963709,2.9264271885523456
-78.60090847764809,2.873961601533976
-78.00462830321021,2.821931910905512
-77.41373902315604,2.7703389452456304
-76.82824648100541,2.7191835538616873
-76.24815646690809,2.6684666060635838
-75.67347471758535,2.6181889904406757

line
-76.11128485457448,2.945494550224208
-46.25,0

line
-92.29544236604715,4.039593794317044
-92.21281521860419,5.036174325185194

line
-76.52231277042483,-2.0
-76.11128485457448,2.945494550224208

-color
t
255,0,255
line
-103.45044236604713,10.969262040142903
-117.29544236604715,6.047276559009483

-color
t
255,0,0
line
-75.75253563104775,5.440624168122624
-76.13199135970217,2.658306298882617

-color
t
255,0,255
text
-106.25,-21.973479696296643
8
0
0-12

-color
t
255,0,255
spline
m
f
k
c
-293.2520904867872,5.412159888981591
-293.87004532540504,5.530017222479601
-294.44666243940947,5.6397852875793975
-295.02859434138236,5.750672271701689
-295.61583527254265,5.862677092725266
-296.2083794215773,5.975798520667207
-296.80622092469685,6.090035174205461
-297.4093571604376,6.205386147780193
-298.01778592206415,6.321990906594569
-298.63149788569285,6.4400124978202875
-299.2504832107504,6.5594533934897035
-299.8747357636737,6.680316315961888
-300.50424936357877,6.80260371956263
-301.13901777750993,6.926317782806946
-301.7790347205,7.051460401524338
-302.42429385563423,7.178033181964307
-303.074788794112,7.306037433882249
-303.7305130953114,7.435474163607636
-304.39146026685216,7.566344067094402
-305.0576237646603,7.698647522955286
-305.728996993033,7.832384585480763
-306.405573304703,7.9675549776434265
-307.0873460009061,8.104158084089283
-307.77430833144695,8.24219294411615
-308.4664534947642,8.381658244640684
-309.16377463800063,8.522552313155096
-309.866264857068,8.664873110673836
-310.57391719671705,8.808618224672285
-311.28672465060663,8.953784862017386
-312.0046801613705,9.100369841891727
-312.72777662069075,9.248369588712448
-313.4560068693638,9.397780125044816
-314.18936369737435,9.548597064512608
-314.92783984396556,9.700815604706126
-315.67142799770954,9.854430520087558
-316.4201207965805,10.00943615489685
-317.1739108280276,10.165826416057328
-317.93279062904753,10.32359476608273
-318.69675268625747,10.482734215986627
-319.46578943597,10.643237318195371
-320.23989326426727,10.80509615946528
-321.0190565070759,10.968302353805448

line
-293.2988859483344,5.166578568888669
-263.75,0

spline
m
f
k
c
-334.9478338677377,7.053919810044048
-334.08369558796153,6.986962246952246
-333.22447799679117,6.920222343596114
-332.3701896338473,6.853701455780748
-331.52083898982573,6.787400998680328
-330.67643450641526,6.721322445849352
-329.83698457620994,6.655467328231294
-329.00249754262495,6.589837233165303
-328.1729816998122,6.524433803390765
-327.34844529257725,6.459258736050115
-326.5288965162945,6.394313781689709
-325.7143435168266,6.329600743259367
-324.90479439044043,6.26512147511011
-324.1002571837255,6.200877881990737
-323.3007398935133,6.136871918043174
-322.5062626910626,6.073106568104299
-321.71688295165313,6.0096074179198515
-320.93259832753324,5.94645400627317
-320.15336301934417,5.883645739962489
-319.3791791210806,5.8211769497335615
-318.61005446422064,5.759042696758147
-317.845996829363,5.697238302921163
-317.08701394613877,5.635759346975794
-316.3331134931252,5.574601660694959
-315.58430309776054,5.5137613250195425
-314.8405903362575,5.453234666204094
-314.1019827335206,5.393018251960464
-313.36848776306283,5.333108887599993
-312.64011284691856,5.2735036121744985
-311.91686535556664,5.21419969461737
-311.1987526078442,5.155194629884425
-310.4857818708672,5.096486135095619
-309.34424067137456,5.002196786336823

line
-293.2520904867872,5.412159888981591
-293.2988859483344,5.166578568888669

spline
m
f
k
c
-309.4266747037161,4.005600263007595
-309.15782547299295,3.9833622502695922
-308.4605198328245,3.925548180901017
-307.7683904295536,3.8680242056473886
-307.0814441079003,3.81078908454802
-306.3996876613278,3.753841776739964
-305.72312783197435,3.6971814366131848
-305.0517713105869,3.6408074099712673
-304.3856247364556,3.5847192301981994
-303.7246946973471,3.528916614431519
-303.06898772943987,3.473399459742682
-302.41851031725946,3.4181678393249646
-301.77326889361416,3.363221998689515
-301.13326983953243,3.3085623518701555
-300.49851948419837,3.254189477637177
-299.8690241048903,3.2001041157210617
-299.2447899269175,3.1463071630462496
-298.6258231235597,3.092799669975823
-298.0121298160059,3.039582836567411
-297.4037160732928,2.9866636257083474
-296.8005879122468,2.9341376263700045
-296.2027512974216,2.882039343872245
-295.6102121410422,2.830369551239834
-295.0229763029449,2.779129043351152
-294.4410495905188,2.7283186362169816
-293.86443775864996,2.67793916626248
-293.29314650966353,2.6279914896119094
-292.72718149326647,2.578476481376553

line
-293.611395101673,2.9452552810304677
-263.75,0

line
-309.4266747037161,4.005600263007595
-309.34424067137456,5.002196786336823

line
-294.021409470397,-2.0
-293.611395101673,2.9452552810304677

-color
t
255,0,255
line
-320.7916747037161,10.951296119531287
-334.4266747037161,6.010557885630651

-color
t
255,0,0
line
-293.2520904867872,5.443037470880539
-293.6320518885336,2.6576258071806205

-color
t
255,0,255
text
-323.75,-22.095225399711442
8
0
0-14

-color
t
255,0,255
spline
m
f
k
c
-510.75163280947595,5.414594012588648
-511.4739730067722,5.552470020697592
-512.0469423411168,5.6616491897113805
-512.625138935937,5.771928978947623
-513.2085570693616,5.883308177354545
-513.7971909678524,5.995785424872262
-514.391038101003,6.109359839587463
-514.9900963539408,6.224168749873352
-515.5943564954509,6.340372682079104
-516.2038087784326,6.457974059042869
-516.8184471635984,6.576975561154252
-517.4382655651423,6.697379604911509
-518.0632578459881,6.819188335249717
-518.6934178178481,6.942403618771698
-519.3287392412869,7.067027036960055
-519.9692158257819,7.193059879369287
-520.6148412297857,7.3205031368007205
-521.2656090607902,7.4493574944602186
-521.9215128753883,7.579623325099503
-522.5825461793393,7.711300682142858
-523.2487024276309,7.844389292799022
-523.9199750245466,7.978888551160623
-524.5963573237311,8.114797511290796
-525.2778426282521,8.252114880298125
-525.9644241906719,8.39083901140239
-526.6560952131099,8.53096789698949
-527.3528488473114,8.672499161659044
-528.0546781947171,8.815430055264038
-528.7615763065273,8.959757445943719
-529.4735361837745,9.105477813151538
-530.1905507773886,9.252587240677967
-530.9126129882707,9.40108140967031
-531.6397156673597,9.550955591649396
-532.3718516157046,9.702204641524801
-533.1090135845348,9.854822990609732
-533.8511942753316,10.00880463963582
-534.5983863399008,10.16414315176959
-535.3505823804442,10.320831645631161
-536.1077749496324,10.478862788316073
-536.8699565506793,10.638228788421898
-537.6371196374143,10.798921389079755
-538.4092566143586,10.960931860992247

line
-510.79847112621064,5.1690208624165095
-481.25,0

spline
m
f
k
c
-552.2057577378232,7.026773773146415
-551.3500891985705,6.960634205586805
-550.49925708352,6.894707667719512
-549.6532698495389,6.828995435082735
-548.8121359054078,6.763498842641081
-547.9758636117342,6.69821928381417
-547.1444612808698,6.6331582095029615
-546.3179371768263,6.568317127113854
-545.4962995151895,6.503697599580457
-544.6795564630406,6.439301244383808
-543.8677161388694,6.375129732570194
-543.0607866124944,6.31118478776769
-542.258775904982,6.247468185200952
-541.4616919885632,6.183981750704427
-540.6695427865554,6.1207273597345075
-539.8823361732798,6.057706936380105
-539.1000921982509,5.9949234346802305
-538.3228681157696,5.9324021078246485
-537.5506614578717,5.870221257350321
-536.7834263057562,5.8083802328837075
-536.021164634743,5.7468734454976795
-535.2638841584073,5.685696032613411
-534.5115925402163,5.624843388346713
-533.7642973934428,5.564311159722688
-533.0220062810795,5.504095242886531
-532.2847267157556,5.444191779311391
-531.5524661596517,5.384597152003594
-530.8252320244169,5.3253079817057705
-530.1030316710876,5.266321123098679
-529.3858724100023,5.207633661001896
-528.6737615007235,5.149242906574275
-527.9667061519547,5.091146393514613
-527.2647135214615,5.033341874262839
-526.4732358352273,4.968006161428283

line
-510.75163280947595,5.414594012588648
-510.79847112621064,5.1690208624165095

spline
m
f
k
c
-526.5556698675689,3.9714096380990545
-525.9584750256643,3.9220123366240878
-525.2719089663124,3.8650886929663497
-524.5904394218378,3.8084506755274137
-523.9140731315408,3.7520970634438524
-523.2428167842556,3.6960268318836826
-522.5766770182806,3.6402391482605103
-521.9156604213149,3.584733368453553
-521.2597735303937,3.529509033033435
-520.6090228318214,3.4745658634941816
-519.9634147611098,3.4199037584925276
-519.3229557029122,3.3655227900944293
-518.6876519909622,3.311423200029824
-518.0575099080106,3.257605395955772
-517.4325356857619,3.204069947728571
-516.812735504815,3.1508175836857535
-516.1981154945997,3.0978491869377196
-515.5886817333178,3.045165791670354
-514.9844402478825,2.9927685794585512
-514.3853970138582,2.9406644059504634
-513.7915579554024,2.8889473879000427
-513.2029289452059,2.8376514991921233
-512.6195158044366,2.7867775009457105
-512.0413243026794,2.7363261757967714
-511.46836015788153,2.6862983271883314
-510.9006290362945,2.636694778663271
-510.338136552419,2.5875163731602338

line
-511.1114575139686,2.9418941477049096
-481.25,0

line
-526.5556698675689,3.9714096380990545
-526.4732358352273,4.968006161428283

line
-511.52119320891734,-1.9999999999999996
-511.1114575139686,2.9418941477049096

-color
t
255,0,255
line
-538.1306698675689,10.933100940438585
-551.5556698675689,5.973552104919048

-color
t
255,0,0
line
-510.75163280947595,5.445517567217009
-511.13211430082924,2.656923956792834

-color
t
255,0,255
text
-541.25,-22.21697110312622
8
0
0-16

-color
t
255,0,255
spline
m
f
k
c
-728.2511622569216,5.417101559295136
-729.0652903408516,5.572626107721157
-729.6344425993314,5.681180865170021
-730.2087347171462,5.7908178340419685
-730.7881610110082,5.901535675539152
-731.3727190415684,6.013333531394776
-731.9624067858176,6.126346593152223
-732.557215105209,6.240732866337967
-733.1571343461148,6.356494724596081
-733.7621585635231,6.473634806346661
-734.3722817667058,6.592155490260432
-734.9874979144661,6.712058887692487
-735.6078009151961,6.833346836019103
-736.2331846269396,6.956020891955844
-736.8636428574516,7.080082324856318
-737.4991693642601,7.205532109993842
-738.1397578547283,7.332370921826071
-738.7854019861163,7.460599127243752
-739.4360953656455,7.590216778804985
-740.0918315505587,7.721223607954645
-740.7526040481873,7.853619018232031
-741.4184063160153,7.987402078465465
-742.0892317617399,8.122571515955585
-742.765073743343,8.259125709649657
-743.4459255691515,8.39706268330511
-744.131780497906,8.536380098645852
-744.8226317388278,8.67707524851074
-745.5184724516844,8.819145049995756
-746.2192957468583,8.962586037590624
-746.9250946854136,9.107394356311158
-747.6358622791668,9.253565754827958
-748.3515914907539,9.401095578592653
-749.0722752336997,9.549978762962025
-749.7979063724888,9.700209826322544
-750.5284777226354,9.851782863214238
-751.2639820507541,10.004691537456422
-752.0044120746306,10.158929075275617
-752.7497604632947,10.314488258436738
-753.500019837091,10.471361417378427
-754.255182767753,10.62954042435407
-755.0152417784748,10.789016686578078
-755.7801894502286,10.94978116172673

line
-728.2980426085414,5.171536430190853
-698.75,0

spline
m
f
k
c
-769.4416703022885,6.997767515533651
-768.5946312279834,6.932453808870627
-767.7523445294034,6.867348601129559
-766.9148185790782,6.80245308848674
-766.0820617022864,6.737768526569318
-765.2540821769683,6.67329622950139
-764.4308882336425,6.609037568947975
-763.6124880553245,6.544993973156568
-762.7988897774424,6.481166925996374
-761.9901014877544,6.417557965995609
-761.186131226269,6.354168685376829
-760.3869869851615,6.291000729090252
-759.5926767086944,6.22805579384565
-758.8032082931372,6.1653356271424995
-758.0185895866862,6.102842026298742
-757.2388283893854,6.0405768374782625
-756.4639324530465,5.978541954717036
-755.6939217054394,5.916740301256163
-754.9288532798857,5.855196797729409
-754.1687245882104,5.793988508427478
-753.4134895921679,5.733114725804894
-752.6631501484053,5.672569941261786
-751.9177138525938,5.612349368468645
-751.1771882510695,5.552448473772254
-750.4415808407466,5.4928629724695535
-749.7108990690335,5.433588825078077
-748.9851503337507,5.374622233603238
-748.2643419830458,5.315959637803091
-747.548481315313,5.257597711451057
-746.8375755791126,5.199533358597382
-746.1316319730861,5.141763709829296
-745.4306576458805,5.084286118531203
-744.7346596960654,5.027098157144825
-743.600017484152,4.933586603993611

line
-728.2511622569216,5.417101559295136
-728.2980426085414,5.171536430190853

spline
m
f
k
c
-743.6822643233406,3.93697461457974
-743.439961166232,3.9169781977100824
-742.7591245783353,3.860662422978575
-742.0832980998002,3.8046292050316937
-741.412488414122,3.748877145407451
-740.7467021551815,3.6934050423397182
-740.0859459071835,3.6382118870274165
-739.4302262045869,3.583296859907852
-738.7795495320429,3.528659326935857
-738.1339223243317,3.4742988358686886
-737.4933509662958,3.420215112556863
-736.8578417927795,3.366408057242374
-736.2274010885649,3.3128777408639136
-735.6020350883102,3.2596244013701536
-734.9817499764886,3.20664844004139
-734.3665518873254,3.1539504178199853
-733.7564469047397,3.1015310516504666
-733.151441062282,3.0493912108292114
-732.5515403430759,2.9975319133649063
-731.9567506797594,2.945954322349731
-731.3670779544236,2.8946651861925994
-730.7825279985582,2.8437571494301195
-730.2031065929905,2.793263654512041
-729.6288194678309,2.7431854506516054
-729.0596723024141,2.693523308242428
-728.4956707252443,2.644278018159698
-727.936820313939,2.595450391064079

line
-728.6115701499073,2.94129341269282
-698.75,0

line
-743.6822643233406,3.93697461457974
-743.600017484152,4.933586603993611

line
-729.0202919660644,-2.0
-728.6115701499073,2.94129341269282

-color
t
255,0,255
line
-755.4672643233407,10.914643628475812
-768.6822643233406,5.936243591772792

-color
t
255,0,0
line
-728.2511622569216,5.4480662157117905
-728.6321786579927,2.656200039869906

-color
t
255,0,255
text
-758.75,-22.338716806541008
8
0
0-18

-color
t
255,0,255
spline
m
f
k
c
-945.7506784904983,5.41968548106319
-946.6437462627255,5.590432751392376
-947.2089123649307,5.69832749072939
-947.7791310541638,5.807285926205997
-948.3543999821338,5.91730722320209
-948.9347172176942,6.02852443643105
-949.5200737149673,6.14109305059687
-950.1104599137971,6.25501539014929
-950.7058699634476,6.370294051539023
-951.3062979682693,6.486931375609354
-951.9117379829443,6.6049294401353
-952.5221840125444,6.72429005326655
-953.1376300125924,6.84501474695163
-953.7580698891215,6.9671047703433935
-954.3834974987344,7.090561083186965
-955.0139066486661,7.215384349191877
-955.6492910968445,7.341574929388044
-956.2896445519518,7.4691328754671105
-956.9349606734866,7.598057923110268
-957.585233071828,7.728349485303441
-958.2404553082993,7.860006645640087
-958.9006208952278,7.993028151613043
-959.5657232960143,8.12741240789697
-960.2357559251932,8.263157469620731
-960.9107121485004,8.400261035632617
-961.5905852829385,8.538720441757443
-962.2753685968412,8.67853265404775
-962.9650553099418,8.819694262029666
-963.6596385934386,8.962201471944352
-964.3591115700631,9.106050099985653
-965.0634673141478,9.251235565535861
-965.7726988516947,9.39775288439925
-966.4867991604428,9.545596662035358
-967.2057611699393,9.694761086792656
-967.9295777616071,9.845239923143208
-968.6582417688173,9.997026504920122
-969.391745976957,10.150113728557406
-970.130083123503,10.304494046335007
-970.8732458980917,10.460159459628386
-971.621226942591,10.617101512163911
-972.3740189574169,10.77531130562856
-973.1316170049581,10.93478568617967

line
-945.7976000238796,5.174128217466369
-916.25,0

spline
m
f
k
c
-985.8170864081677,6.902409875812019
-984.9835047181439,6.838133844594878
-984.1545998602362,6.774062996672316
-983.3303800746367,6.710198509254006
-982.510853555034,6.646541618055923
-981.6960284485286,6.5830936163617215
-980.8859128555509,6.519855854081819
-980.0805148297791,6.45682973681018
-979.2798423780583,6.394016724878915
-978.4839034603191,6.331418332410784
-977.6927059894972,6.269036126369864
-976.9062578314537,6.206871725610341
-976.1245668048942,6.144926799923622
-975.3476406812924,6.0832030690840675
-974.5754871848092,6.021702301893074
-973.8081139922151,5.960426315222017
-973.045528732813,5.8993769730539665
-972.2877512126277,5.838557167832095
-971.5348384440019,5.777991487634185
-970.786787718549,5.717755759504648
-970.0435528785799,5.6578492187261125
-969.3051356620676,5.598266437025903
-968.5715435467805,5.539002704323909
-967.8427839619226,5.480053559197786
-967.1188642880504,5.421414785216428
-966.3997918569876,5.36308240726963
-965.6855739517457,5.305052687895085
-964.9762178064398,5.247322123602572
-964.2717306062093,5.189887441196364
-963.5721194871376,5.132745594096086
-962.8773915361696,5.075893758656674
-962.1875537910373,5.019329330488107
-961.5026132401761,4.963049920775031
-960.7237390966545,4.898896631140658

line
-945.7506784904983,5.41968548106319
-945.7976000238796,5.174128217466369

spline
m
f
k
c
-960.8059859358432,3.902284641726787
-960.2297915222737,3.8547333682345495
-959.5597741310066,3.799312509333069
-958.8946872332881,3.744169717097027
-958.2345374064059,3.689303615287457
-957.5793311788223,3.6347130212355703
-956.9290750301113,3.580396942171135
-956.2837753908932,3.526354571555177
-955.6434386427711,3.4725852854181616
-955.0080711182695,3.419088638703904
-954.3776791007701,3.365864361619525
-953.7522688244494,3.3129123559922196
-953.1318464742176,3.260232691633378
-952.5164181856585,3.2078256027104812
-951.9059900449668,3.1556914841270056
-951.3005680888889,3.1038308879113785
-950.7001583046642,3.052244519615138
-950.1047666299642,3.0009332347206814
-949.5143989528342,2.949898035059457
-948.929061111636,2.89914006524087
-948.348758894989,2.848665966434716
-947.7734980417138,2.798566910960158
-947.203284240775,2.74887580983194
-946.638123131225,2.6995934003574624
-946.0780203021486,2.650720440688048
-945.522981292607,2.6022577091310484

line
-946.1116365159089,2.9377961473966043
-916.25,0

line
-960.8059859358432,3.902284641726787
-960.7237390966545,4.898896631140658

line
-946.5200690538338,-2.0
-946.1116365159089,2.9377961473966043

-color
t
255,0,255
line
-972.8009859358433,10.895809875826362
-985.8059859358433,5.898592872307681

-color
t
255,0,0
line
-945.7506784904983,5.45068514961608
-946.1322450239943,2.6554533183559106

-color
t
255,0,255
text
-976.25,-22.460462509955793
8
0
0-20

-color
t
255,0,255
spline
m
f
k
c
-1154.5004315638416,5.421146613195779
-1155.1483980944226,5.545058694503573
-1155.7090011888229,5.652082319073079
-1156.2746160757417,5.76016105153944
-1156.8452404524164,5.869294069105724
-1157.4208724336327,5.979613358070487
-1158.0015030198463,6.091273142726279
-1158.587122697638,6.204275722925874
-1159.17772566341,6.318623674135229
-1159.7733060690512,6.434319318283839
-1160.3738580171832,6.551364716356687
-1160.9793755612184,6.669761661890254
-1161.589852705419,6.789511674449572
-1162.2052834049564,6.910615993086911
-1162.8256615659714,7.033075569783485
-1163.4509810456352,7.15689106287483
-1164.0812356522085,7.282062830460173
-1164.7164191451047,7.408590923798134
-1165.3565252349504,7.5364750806880645
-1166.0015475836485,7.665714718839175
-1166.6514798044414,7.79630892922743
-1167.3063154619717,7.9282564694417825
-1167.9660480723498,8.06155575702061
-1168.6306711032141,8.196204862778576
-1169.3001779737976,8.332201504126033
-1169.9745620549938,8.469543038380804
-1170.6538166694197,8.608226456073782
-1171.3379350914838,8.748248374249247
-1172.026910547451,8.889605029760963
-1172.7207362155111,9.032292272564494
-1173.419405225845,9.176305559007506
-1174.1229106606922,9.32163994511788
-1174.83124555442,9.46829007989183
-1175.5444028935913,9.616250198581907
-1176.2623756170337,9.765514115986665
-1176.9851566159107,9.916075219742371
-1177.7127387337882,10.06792646361776
-1178.445114766709,10.221060360813318
-1179.182277463261,10.375468977265541
-1179.924219524649,10.531143924956849
-1180.670933711011,10.688076377579499
-1181.4224151448416,10.846263211016723
-1182.1786575000333,11.005829935626856

line
-1154.5473530972229,5.1755893495989564
-1125.0,0

spline
m
f
k
c
-1194.836278299229,6.918690666162155
-1194.0047944611072,6.854731055951188
-1193.1779414632242,6.790973862456996
-1192.3557275256526,6.727420194443688
-1191.5381608224159,6.664071219637632
-1190.725249481408,6.600928163799219
-1189.9170015843088,6.537992309791881
-1189.1134251665053,6.4752649966487335
-1188.3145282170062,6.412747618636978
-1187.5203186783665,6.3504416243201804
-1186.7308044466013,6.288348515618354
-1185.9459933711114,6.226469846866378
-1185.1658932545997,6.1648072238703735
-1184.3905118529942,6.103362302962605
-1183.61985687537,6.042136790054844
-1182.8539359838705,5.981132439690224
-1182.09275679363,5.920351054093895
-1181.3363268726964,5.8597944822224415
-1180.5846659662218,5.799465601120052
-1179.83783102606,5.739388832586565
-1179.0958192837181,5.679639385043215
-1178.3585845217858,5.620216465186712
-1177.6261284188988,5.561114684907954
-1176.8984583938736,5.502329372251523
-1176.1755818173492,5.443856101910561
-1175.4575060117024,5.385690691589865
-1174.7442382509648,5.327829198365415
-1174.0357857607432,5.270267915041
-1173.3321557181368,5.2130033665023126
-1172.6333552516573,5.156032306068996
-1171.93939144115,5.099351711845427
-1171.2502713177116,5.042958783070371
-1170.5660018636158,4.986850936466559
-1169.284571152197,4.8814534760313455

line
-1154.5004315638416,5.421146613195779
-1154.5473530972229,5.1755893495989564

spline
m
f
k
c
-1169.3666368850772,3.884826557125973
-1169.2941986063404,3.878861736870407
-1168.6247067002946,3.823610953496781
-1167.9600989073422,3.7686375525102966
-1167.300381800032,3.713939973129682
-1166.645561902548,3.6595168502274587
-1165.9956456906427,3.6053670106834943
-1165.3506395915751,3.551489469742974
-1164.710549984046,3.4978834273788104
-1164.0753831981351,3.4445482646592946
-1163.4451455152387,3.391483540121522
-1162.819843168007,3.338688986150829
-1162.1994823402842,3.2861645053671245
-1161.5840691670442,3.2339101670181223
-1160.9736097343325,3.181926203380629
-1160.3681100792057,3.130213006169798
-1159.7675761896708,3.0787711229570798
-1159.1720140046266,3.0276012535974797
-1158.5814294138052,2.9767042466664035
-1157.9958282577131,2.92608109590671
-1157.4152163275744,2.8757329366864495
-1156.8395993652716,2.8256663565557645
-1156.2689830632917,2.775971791725189
-1155.7033730646672,2.7266818874918823
-1155.1427749629222,2.6777973752104054
-1154.587194302016,2.629319006910883
-1154.0366365762884,2.5812475546167297

line
-1154.8617172706981,2.93865031912783
-1125.0,0

line
-1169.3666368850772,3.884826557125973
-1169.284571152197,4.8814534760313455

line
-1155.2692864981627,-2.0
-1154.8617172706981,2.93865031912783

-color
t
255,0,255
line
-1181.4666368850772,10.886239860957623
-1194.3666368850772,5.879627967634212

-color
t
255,0,0
line
-1154.5004315638416,5.452021418436706
-1154.8822789804954,2.6550711726504885

-color
t
255,0,255
text
-1185.0,-22.521335361663184
8
0
0-21

