texted
1
-lweight
0.001
-color
t
255,0,255
spline
m
f
k
c
1045.4995684361584,5.421146613195779
1044.8516019055774,5.545058694503573
1044.2909988111771,5.652082319073079
1043.7253839242583,5.76016105153944
1043.1547595475836,5.869294069105724
1042.5791275663673,5.979613358070487
1041.9984969801537,6.091273142726279
1041.412877302362,6.204275722925874
1040.82227433659,6.318623674135229
1040.2266939309488,6.434319318283839
1039.6261419828168,6.551364716356687
1039.0206244387816,6.669761661890254
1038.410147294581,6.789511674449572
1037.7947165950436,6.910615993086911
1037.1743384340286,7.033075569783485
1036.5490189543648,7.15689106287483
1035.9187643477915,7.282062830460173
1035.2835808548953,7.408590923798134
1034.6434747650496,7.5364750806880645
1033.9984524163515,7.665714718839175
1033.3485201955586,7.79630892922743
1032.6936845380283,7.9282564694417825
1032.0339519276502,8.06155575702061
1031.3693288967859,8.196204862778576
1030.6998220262024,8.332201504126033
1030.0254379450062,8.469543038380804
1029.3461833305803,8.608226456073782
1028.6620649085162,8.748248374249247
1027.973089452549,8.889605029760963
1027.2792637844889,9.032292272564494
1026.580594774155,9.176305559007506
1025.8770893393078,9.32163994511788
1025.16875444558,9.46829007989183
1024.4555971064087,9.616250198581907
1023.7376243829661,9.765514115986665
1023.0148433840893,9.916075219742371
1022.2872612662117,10.06792646361776
1021.5548852332911,10.221060360813318
1020.817722536739,10.375468977265541
1020.0757804753509,10.531143924956849
1019.329066288989,10.688076377579499
1018.5775848551584,10.846263211016723
1017.8213424999668,11.005829935626856
1017.0603489847972,11.166834404921046

line
1045.4526469027771,5.1755893495989564
1075.0,0

spline
m
f
k
c
999.214371424738,7.371995277978684
1000.078037132058,7.306644649632246
1000.9371308219456,7.241490404994215
1001.7916439543467,7.17653321433664
1002.6415680346631,7.111773813311087
1003.4868946138395,7.04721300204155
1004.3276152884472,6.98285164421394
1005.1637217007711,6.918690666162155
1005.9952055388928,6.854731055951188
1006.8220585367759,6.790973862456996
1007.6442724743474,6.727420194443688
1008.4618391775841,6.664071219637632
1009.2747505185922,6.600928163799219
1010.0829984156911,6.537992309791881
1010.8865748334948,6.4752649966487335
1011.6854717829937,6.412747618636978
1012.4796813216336,6.3504416243201804
1013.2691955533986,6.288348515618354
1014.0540066288886,6.226469846866378
1014.8341067454003,6.1648072238703735
1015.6094881470058,6.103362302962605
1016.38014312463,6.042136790054844
1017.1460640161296,5.981132439690224
1017.90724320637,5.920351054093895
1018.6636731273036,5.8597944822224415
1019.4153340337782,5.799465601120052
1020.1621689739399,5.739388832586565
1020.9041807162819,5.679639385043215
1021.6414154782141,5.620216465186712
1022.3738715811012,5.561114684907954
1023.1015416061263,5.502329372251523
1023.8244181826507,5.443856101910561
1025.0808560897974,5.342017844713139

line
1045.4995684361584,5.421146613195779
1045.4526469027771,5.1755893495989564

spline
m
f
k
c
1025.0,4.345292058580021
1025.1748426886113,4.3311085225188
1025.883165105413,4.273557807786563
1026.5866577227819,4.216304443745529
1027.285313583623,4.159345172789265
1027.9791257786733,4.102676962223131
1028.668087446571,4.04629700060324
1029.3521917739224,3.9902026940757063
1030.0314319953702,3.9343916627161435
1030.7058013936596,3.878861736870407
1031.3752932997054,3.823610953496781
1032.0399010926578,3.7686375525102966
1032.699618199968,3.713939973129682
1033.354438097452,3.6595168502274587
1034.0043543093573,3.6053670106834943
1034.6493604084249,3.551489469742974
1035.289450015954,3.4978834273788104
1035.9246168018649,3.4445482646592946
1036.5548544847613,3.391483540121522
1037.180156831993,3.338688986150829
1037.8005176597158,3.2861645053671245
1038.4159308329558,3.2339101670181223
1039.0263902656675,3.181926203380629
1039.6318899207943,3.130213006169798
1040.2324238103292,3.0787711229570798
1040.8279859953734,3.0276012535974797
1041.4185705861948,2.9767042466664035
1042.0041717422869,2.92608109590671
1042.5847836724256,2.8757329366864495
1043.1604006347284,2.8256663565557645
1043.7310169367083,2.775971791725189
1044.2966269353328,2.7266818874918823
1044.8572250370778,2.6777973752104054
1045.412805697984,2.629319006910883
1045.9633634237116,2.5812475546167297

line
1045.1386577345882,2.904189011389368
1075.0,0

line
1025.0,4.345292058580021
1025.0808560897974,5.342017844713139

line
1044.7264994154996,-2.0
1045.1386577345882,2.904189011389368

-color
t
255,0,255
line
1018.5333631149228,10.886239860957623
1000.0,6.309691041167295

-color
t
255,0,0
line
1045.4995684361584,5.452021418436706
1045.1177210195046,2.6550711726504885

-color
t
255,0,255
text
1015.0,-22.521335361663184
8
0
3-1

-color
t
255,0,255
spline
m
f
k
c
836.8998145150617,5.422322772316361
835.9366257956945,5.606629921788032
835.3755357887646,5.713844031867145
834.8094763425058,5.822103997651003
834.2384492969882,5.931540755338892
833.6624636062154,6.042307290419211
833.0815287376724,6.1544058785691504
832.495650448627,6.267839074629779
831.9048345404663,6.382609181941006
831.3090868634506,6.4987182449856675
830.7084133166563,6.616168042937536
830.1028198479175,6.734960083190335
829.4923124537661,6.8550955948690735
828.8768971793727,6.976575522324097
828.2565801184869,7.099400518608852
827.6313674133767,7.223570938942468
827.0012652547675,7.349086834157821
826.3662798817822,7.475947944135966
825.7264175818768,7.60415369122851
825.0816846907792,7.733703173667518
824.4320875924286,7.8645951589648595
823.7776327189089,7.9968280773021165
823.1183265503885,8.13040001491081
822.454175615053,8.265308707445248
821.7851864890432,8.401551533347762
821.111365796389,8.53912550720788
820.4327202089439,8.678027273116426
819.7492564463197,8.818253098014972
819.0609812758202,8.95979886504196
818.3679015123728,9.10266006687679
817.6700240184646,9.246831799081342
816.9673557040712,9.392308753442116
816.2599035265911,9.539085211311855
815.5476744907755,9.687155036952765
814.8306756486606,9.836511670881938
814.1089140994977,9.987148123219917
813.382396989683,10.139056967043421
812.651131512687,10.292230331743202
811.9151249089853,10.446659896387638
811.1743843597422,10.60233690543985
810.4289146833876,10.759258263999373
809.6787221465762,10.917548480232176
808.9238164508627,11.077264940994056

line
836.85285268591,5.17677321193655
866.4000000000001,0

spline
m
f
k
c
791.2212593756902,7.320996563691318
792.0780171307412,7.256168636451633
792.9302394592086,7.191535520496043
793.7779178889914,7.127097880754624
794.6210439930825,7.062856447014036
795.4596093896542,6.998812013017647
796.2936057421418,6.934965435562396
797.1230247593293,6.871317633592115
797.9478581954323,6.807869587287978
798.7680978501829,6.744622337155758
799.5837355689097,6.681576983110409
800.3947632426241,6.6187346835575385
801.2011728080992,6.5560966544726345
802.0029562479529,6.493664168477529
802.8001055907285,6.431438553914495
803.5926129109761,6.369421193918176
804.3804703293309,6.307613525485309
805.1636700125954,6.246017038542377
805.9422041738164,6.184633275011525
806.7160650723654,6.12346382787452
807.4852450140163,6.062510340235197
808.2497363510223,6.001774504380414
809.009531482195,5.941258060839428
809.7646228529794,5.880962797442257
810.5150029555327,5.820890548376583
811.2606521045315,5.761044175551651
812.0015134075742,5.701447937339776
812.7375896922299,5.642176434143986
813.468927234606,5.583228844565136
814.1955244143873,5.524599819969173
814.9173738706976,5.466284725871812
815.6344682904601,5.408279172462542
816.4808560897975,5.339704188080929

line
836.8998145150617,5.422322772316361
836.85285268591,5.17677321193655

spline
m
f
k
c
816.4000000000001,4.3429784019478115
816.9734439471026,4.296459654338643
817.6760997845696,4.239369345324283
818.3739644609996,4.18257400819558
819.0670310749542,4.126070411406951
819.755292772444,4.069855546525347
820.4387427469986,4.013926624598412
821.1173742397312,3.958281072523096
821.7911805394073,3.902916529414427
822.4601549825104,3.847830842975452
823.1242909533079,3.79302206586881
823.7835818839167,3.7384884520902206
824.4380212543683,3.684228453344651
825.0876025926725,3.630240715425641
825.7323194748826,3.5765240745980242
826.3721655251575,3.5230775539850443
827.0071344158262,3.4699003599598033
827.6372198674501,3.4169918785420257
828.2624156488835,3.364351671800547
828.882715577337,3.3119794742616375
829.4981135184382,3.2598751893241853
830.1086033862923,3.208038885681981
830.7141791435422,3.1564707937535945
831.3148348014281,3.1051713021204375
831.9105644198467,3.0541409539734325
832.5013621074104,3.0033804435687164
833.0872220215053,2.9528906126930807
833.6681383683485,2.902672447139473
834.2441054030464,2.852727073192949
834.8151174296506,2.8030610257033226
835.3811688012147,2.753764017391395
835.9422539198501,2.704868432391958
836.4983672367812,2.65637499620873
837.0495032524002,2.6082844548555904

line
836.5386141159454,2.903811780766786
866.4000000000001,0

line
816.4000000000001,4.3429784019478115
816.4808560897975,5.339704188080929

line
836.1266803700382,-2.0000000000000004
836.5386141159454,2.903811780766786

-color
t
255,0,255
line
810.0173196305423,10.876711867696956
791.4000000000001,6.304628756314917

-color
t
255,0,0
line
836.8998145150617,5.453352762680757
836.5176871303024,2.654689729043887

-color
t
255,0,255
text
806.4000000000001,-22.581164678769863
8
0
3-2

-color
t
255,0,255
spline
m
f
k
c
619.7003167517347,5.424648831792492
618.6758395177773,5.621209992522597
618.1189099323502,5.727723854741626
617.5570927582293,5.8353955498758365
616.9903968583388,5.944375585805078
616.4188316082933,6.054666189855771
615.842402672701,6.166269875618883
615.2611157595009,6.279188909255386
614.6749766247177,6.3934253022437435
614.0839910724058,6.508980805032126
613.4881649545902,6.625856900671926
612.8875041712105,6.74405479843353
612.2820146700608,6.863575427405343
611.6717024467306,6.984419430077027
611.0565735445468,7.106587155907118
610.4366340545123,7.230078654877161
609.8118901152475,7.354893671031808
609.1823479129268,7.481031636007304
608.5480136812198,7.608491662547791
607.9088937012289,7.737272538011086
607.2649943014263,7.867372717865179
606.6163218575931,7.998790319175345
605.9628827927545,8.131523114083695
605.3046835771173,8.265568523281665
604.6417307280061,8.400923609476175
603.9740308097987,8.537585070850858
603.301590433861,8.67554923452301
602.6244162584821,8.814812049996942
601.9425149888083,8.955369082615299
601.255893376778,9.097215507008228
600.5645582210534,9.240346100542743
599.8685163669552,9.38475523677182
599.167774706394,9.530436878884986
598.4623401778028,9.677384573161117
597.7522197660695,9.825591442424248
597.0374205024667,9.975050179503587
596.3179494645827,10.125753040698527
595.5938137762539,10.277691839249144
594.8650205012485,10.430857961160529
594.1315743398454,10.585248369964692
593.3934814397949,10.740985569442763
592.6507513829932,10.898126013140073
591.903392515148,11.0566740634318

line
619.6532608766568,5.179117276548267
649.2,0

spline
m
f
k
c
573.5357984080241,7.347136891832455
574.3876395626739,7.282972737024773
575.2350352775945,7.2189991351165785
576.0779771281074,7.155216610090405
576.9164567337341,7.091625751499704
577.7504657582805,7.028227213590601
578.5799959099211,6.96502171441992
579.4050389412837,6.902010034969833
580.2255866495309,6.839193018259305
581.0416308764454,6.776571568452024
581.8531635085112,6.714146649961549
582.6601764769966,6.651919286553291
583.4626617580338,6.589890560443859
584.2606113727038,6.528061611397345
585.0540173871129,6.466433635819458
585.8428719124762,6.4050078858488115
586.6271671051957,6.343785668446022
587.4068951669406,6.282768344480577
588.1820483447253,6.221957327815565
588.9526189309888,6.161354084390413
589.718599263672,6.100960131301806
590.4799817262954,6.040777035882812
591.2367587480369,5.980806414780393
591.9889228038068,5.921049933031545
592.7364664143256,5.861509303137837
593.4793821461981,5.802186284138966
594.2176626119906,5.74308268068488
594.9512882460377,5.6842013244148415
595.6802022748428,5.6255661468461655
596.4044076441256,5.5672505323455255
597.1239507473897,5.509253603321968
597.838830080959,5.451570090091607
598.5490383998398,5.394195433112397
599.2807373310936,5.3350055940277565

line
619.7003167517347,5.424648831792492
619.6532608766568,5.179117276548267

spline
m
f
k
c
599.2,4.338270181108221
599.8746167377828,4.283625032341854
600.5706464640848,4.227161917978335
601.261969142883,4.170992420399686
601.9485779374351,4.11511313709564
602.6304660576162,4.0595208886423135
603.3076267599853,4.004212715129764
603.9800533478534,3.9491858725887545
604.6477391713483,3.894437829417885
605.3106776274814,3.8399662628109548
605.9688621602119,3.7857690551855128
606.6222862605125,3.731844290612857
607.2709434664341,3.6781902512500464
607.9148273631687,3.6248054137745775
608.5539315831131,3.5716884458220037
609.1882498059327,3.5188382024270908
609.8177757586226,3.466253722469153
610.4425032155709,3.413934225121729
611.0624259986203,3.361879106307465
611.6775379771271,3.3100879351586037
612.2878330680251,3.258560450483215
612.8933052358826,3.207296557238314
613.493948492965,3.1562963230096788
614.0897568992916,3.105559974499486
614.6807245626953,3.0550878940217165
615.2668456388814,3.0048806160061114
615.8481143314845,2.954938823511144
616.4245248921261,2.9052633447464196
616.996071620472,2.8558551496049533
617.5627488642875,2.8067153462059653
618.1245510194949,2.757850363998428
618.6814725302273,2.709348468723787
619.2335078888848,2.6612415221920833
619.7806516361879,2.6135302382053553

line
619.3384996344349,2.90303345581919
649.2,0

line
599.2,4.338270181108221
599.2807373310936,5.3350055940277565

line
618.9275259582372,-2.0
619.3384996344349,2.90303345581919

-color
t
255,0,255
line
592.9884726133098,10.857283845549919
574.2,6.294281899464614

-color
t
255,0,0
line
619.7003167517347,5.456068937615977
619.3176177903005,2.6539090929099585

-color
t
255,0,255
text
589.2,-22.700823312983257
8
0
3-4

-color
t
255,0,255
spline
m
f
k
c
402.50083276746545,5.426731619249179
401.4283435221946,5.633343711832185
400.87573621947035,5.739250344412732
400.31833011046217,5.846443881190917
399.7561344789142,5.95492650114232
399.189154896775,6.064700676607955
398.61739697853557,6.175768636569713
398.04086638598494,6.288132359501765
397.45956882815494,6.401793567126703
396.8735100612628,6.516753718153486
396.282695888655,6.633014001997909
395.6871321607488,6.750575332486556
395.0868247749744,6.8694383415451234
394.481779675717,6.989603372871712
393.87200285425706,7.111070475596449
393.2575003487127,7.233839397927572
392.6382782439771,7.357909580786026
392.01434267166053,7.483280151427988
391.38569981002934,7.609949917057242
390.7523558839438,7.737917358428193
390.11431716479785,7.867180623439812
389.47158997045585,7.99773752072212
388.8241806651913,8.12958551321555
388.1720956596233,8.262721711744407
387.5153414106535,8.397142868585254
386.8539244214021,8.532845371031039
386.18785124114413,8.669825234951894
385.5171284652438,8.808078098353782
384.8417627350914,8.947599214935087
384.1617607380356,9.088383447643347
383.4771292073194,9.230425262231744
382.7878749220125,9.373718720817164
382.09400470694516,9.518257475440258
381.3955254326414,9.664034761628546
380.69244401525043,9.811043391963747
379.98476741647846,9.959275749653848
379.27250264352244,10.108723782110673
378.5556566427548,10.259379016881208
377.8342339963034,10.41123847592999
377.1082407330134,10.564422658653378
376.3776863151238,10.718987085286093
375.64257896793254,10.874936043232568
374.90292596252834,11.03227398524638

line
402.4536208960001,5.181230011937252
432.0,0

spline
m
f
k
c
356.73518161822403,7.30633872854363
357.5774251168523,7.243039261704484
358.4153044141832,7.179926771011506
359.24881117949883,7.117001706541844
360.07793712547357,7.05426458372918
360.9026740082596,6.99171598250337
361.72301362756957,6.9293565464265825
362.5389478267597,6.867186981825809
363.350468492913,6.805208056922032
364.15756755691984,6.743420600956229
364.9602369935616,6.6818255033119405
365.7584688215901,6.620423712635127
366.55225510381035,6.559216235950828
367.34158794715813,6.498204137777307
368.1264595027835,6.437388539237161
368.9068619661267,6.376770617166289
369.68278757699954,6.316351603220102
370.4542286196629,6.25613278297755
371.22117742290516,6.196115495042979
371.98362636011973,6.136301130145827
372.74156784938225,6.0766911302384585
373.49499435352743,6.017286987592106
374.24389838022535,5.958090243891112
374.9882724820575,5.8991024893256
375.7281092565913,5.8403253616826785
376.4634013464562,5.7817605454362555
377.1941414394166,5.723409770835692
377.92032226844856,5.665274812993176
378.641924387544,5.60735847327804
379.35889114211136,5.549684356352574
380.07122559602135,5.492324630547076
380.7789742601734,5.435278362078804
382.08052333927674,5.330199217228085

line
402.50083276746545,5.426731619249179
402.4536208960001,5.181230011937252

spline
m
f
k
c
382.0,4.333446493714515
382.1001282514601,4.325357565564824
382.7939870628878,4.269231533762399
383.4832295781471,4.213401671155917
384.167848981067,4.157864181618033
384.8478385011964,4.102615495475095
385.52319141387056,4.047652265995705
386.1939010402782,3.9929713658776844
386.85996074752643,3.9385698837341945
387.5213639487082,3.884445120579103
388.17810410296556,3.83059458631267
388.83017471555536,3.7770159962074974
389.4775693379132,3.723707267395587
390.12028156771726,3.670666515356899
390.75830504895157,3.6178920504098766
391.39163347196916,3.5653823742044986
392.02026057355386,3.51313617621836
392.644180136983,3.46115233025615
393.2633859920878,3.409429890953255
393.8778720153157,3.3579680902836584
394.4876321297904,3.3067663340729077
395.09266030537094,3.255824198516652
395.69295055871305,3.205141426704804
396.2884969533271,3.1547179251524358
396.87929359963766,3.104553760337388
397.4653346550408,3.0546491552453983
398.04661432396256,3.0050044859229965
398.6231268579161,2.9556202780387912
399.1948665555584,2.906497203453582
399.761827762747,2.857636076799749
400.3240048725953,2.809037852070444
400.8813923255286,2.7607036192189818
401.4339846093393,2.712639702293524
401.98177625923995,2.6649329200561795
402.52476185791943,2.617614611992208
403.0629360355946,2.5706854802019907

line
402.1383587639889,2.9022334594835253
432.0,0

line
382.0,4.333446493714515
382.08052333927674,5.330199217228085

line
401.7288258921079,-2.0
402.1383587639889,2.9022334594835253

-color
t
255,0,255
line
375.9640947523824,10.837344261553232
357.0,6.283632855095517

-color
t
255,0,0
line
402.50083276746545,5.4588581761174035
402.117546247663,2.6531034166500587

-color
t
255,0,255
text
372.0,-22.820481947196654
8
0
3-6

-color
t
255,0,255
spline
m
f
k
c
185.30136299578146,5.430223624414313
184.73777711203888,5.538963568922787
184.19437968071156,5.643105138949632
183.6462633625855,5.748512176576781
183.09343734953507,5.855186812428895
182.53590712084895,5.963131477597054
181.97367819757028,6.072348363884068
181.40675614725217,6.182839416759814
180.83514658390425,6.294606329221288
180.2588551679355,6.407650535635051
179.6778876060995,6.5219732055623165
179.09224965143687,6.637575237567776
178.50194710321819,6.754457253013251
177.90698580688706,6.87261958983636
177.3073716540017,6.99206229631579
176.70311058217783,7.112785124823391
176.09420857502732,7.234787525564777
175.48067166210126,7.35806864030822
174.8625059188298,7.482627296103431
174.23971746646123,7.608461998991241
173.6123124720025,7.735570927704335
172.98029714815732,7.863951927360555
172.3436777532653,7.993602503149467
171.70246059124054,8.12451981401267
171.05665201150828,8.256700666319682
170.40625840894324,8.390141507539099
169.75128622380612,8.524838419906875
169.09174194167917,8.66078711409232
168.42763209340467,8.797982922862001
167.75896325501765,8.936420794744004
167.08574204768354,9.07609528769172
166.40797513763096,9.217000562749396
165.72566923608747,9.359130377719426
165.0388310992132,9.502478080832892
164.34746752803414,9.647036604423933
163.6515853683743,9.79279845860917
162.95119151079098,9.939755724972226
162.24629278426107,10.08790007260191
161.53689365276136,10.23722858189531
160.82300002623208,10.38785974786399
160.10462124725439,10.539848157432134
159.381765420717,10.693198023033379
158.65443969654905,10.847913723204133
157.92265126888674,11.003999590788489

line
185.25415112431608,5.184722017102395
214.79999999999995,0

spline
m
f
k
c
139.12158389914384,7.3262258088064325
139.958350885919,7.263614478014401
140.79084295401128,7.201186315084509
141.61905182568034,7.138941631576522
142.44296926569234,7.07688080499825
143.26258708140313,7.015004277967108
144.0778971228399,6.953312557367949
144.88889128278527,6.891806213507026
145.69556149685877,6.830485879262556
146.49789974359828,6.769352249231698
147.29589804454247,6.708406078874223
148.0895484643089,6.647648183653145
148.87884311067774,6.5870794381718545
149.66377413466898,6.5267007753087025
150.44433373062407,6.466513185348365
151.22051413628242,6.406517715110754
151.99230763286323,6.346715467076972
152.7597065451406,6.287107598513107
153.5227032415229,6.227695320591391
154.28129013413002,6.1684798975090835
155.03545967886976,6.109462645605379
155.785204375514,6.050644932476098
156.53051676777568,5.9920281760865
157.271389443383,5.933613843882395
158.00781503415533,5.875403451899411
158.7397862160782,5.817398563870796
159.46729570937578,5.759600790333819
160.19033627858676,5.702011787734673
160.9089007326353,5.6446332575324085
161.62298192490653,5.587466945301472
162.33256052905028,5.530515622141238
163.0375800093799,5.473802565858984
163.7380435479172,5.417398728748617
164.8804284554534,5.325280692697987

line
185.30136299578146,5.430223624414313
185.25415112431608,5.184722017102395

spline
m
f
k
c
164.79999999999995,4.3285203084765
165.04496567225908,4.3087540627761225
165.7317927806024,4.25326827280541
166.41408727850626,4.198077674866366
167.0918424185112,4.143178309969993
167.76505149804905,4.088566445257744
168.4337078595097,4.034238570550518
169.09780489030595,3.980191394895785
169.7573360229402,3.92642184311306
170.41229473506758,3.8729270523386314
171.06267454956298,3.8197043685694583
171.70846903458278,3.7667513432074617
172.34967180362935,3.7140657296040467
172.9862765156147,3.66164547960566
173.6182768749219,3.6094887401009585
174.24566663146902,3.5575938495697152
174.86843958076963,3.5059593346344284
175.48658956399458,3.4545839066147255
176.10011046803322,3.4034664580852207
176.70899622555294,3.352606059437376
177.31324081506034,3.302001955445607
177.91283826096048,3.25165356183837
178.50778263361474,3.2015604618747124
179.09806804940115,3.151722402926395
179.68368867077163,3.1021392930665677
180.2646387063104,3.0528111976650987
180.8409124107901,3.0037383359913123
181.41250408522978,2.9549210778242876
181.9794080769508,2.9063599400714817
182.54161877963236,2.858055583396031
183.09913063336785,2.8100088088530897
183.65193812471864,2.7622205545359466
184.20003578676983,2.7146918922319987
184.74341819918357,2.6674290405886394
185.28207998825258,2.620517371388582
185.81601582695407,2.5739877017923423

line
184.93823945399197,2.9014067500753407
214.79999999999995,0

line
164.79999999999995,4.3285203084765
164.8804284554534,5.325280692697987

line
184.52968010946563,-2.0
184.93823945399197,2.9014067500753407

-color
t
255,0,255
line
158.94426822204275,10.816883336041565
139.79999999999995,6.272673738276709

-color
t
255,0,0
line
185.30136299578146,5.461722703813724
184.91747259283284,2.652273696265995

-color
t
255,0,255
text
154.79999999999995,-22.94014058141004
8
0
3-8

-color
t
255,0,255
spline
m
f
k
c
-31.898092541066717,5.432974677708541
-32.48697685804723,5.546959933486554
-33.02580338529094,5.650580471962625
-33.56925977984406,5.755447123715491
-34.11734065507687,5.861562278586133
-34.67004058339489,5.968928091198425
-35.22735409148049,6.077546474017867
-35.789275660346334,6.187419091315875
-36.35579972539176,6.298547353116642
-36.92692067645589,6.410932409126728
-37.502632857874914,6.524575142648999
-38.08293056853802,6.639476164481404
-38.66780806194265,6.755635806800987
-39.25725954625352,6.8730541170351325
-39.85127918435694,6.99173085171921
-40.44986109392232,7.111665470343528
-41.0529993474579,7.232857129188449
-41.6606879723696,7.355304675149616
-42.27292095102132,7.4790066395543064
-42.88969222079277,7.603961231968853
-43.51099567414121,7.730166333999006
-44.136825158660486,7.857619493083355
-44.767174477142134,7.986317916280929
-45.40203738763671,8.116258464054077
-46.04140760351538,8.247437644047126
-46.68527879353178,8.379851604861846
-47.33364458188521,8.513496129830822
-47.986498548281816,8.648366630788876
-48.64383422800006,8.784458141844624
-49.30564511195212,8.921765313151655
-49.97192464675038,9.060282404681589
-50.642666234770104,9.200003279998574
-51.31786323421477,9.340921400037194
-51.99750895918214,9.483029816884121
-52.681596679729864,9.626321167564496
-53.370119621940376,9.770787667833757
-54.06307107423254,9.916421128322593
-54.760446690780554,10.06321868786061
-55.46224068054926,10.211296837074604
-56.168443820614925,10.360709229578157
-56.87904812649833,10.511460002834143
-57.59404656943025,10.663553461161888
-58.31343207718328,10.816993863962683
-59.03719753413952,10.971785424517668

line
-31.94545936146676,5.187502918996473
-2.3999999999999773,0

spline
m
f
k
c
-77.62124924317311,7.280684641893501
-76.79446775812312,7.218954495343469
-75.97188052048818,7.157404168364043
-75.15349571020147,7.096033901625395
-74.33932146549137,7.034844001448552
-73.52936588279829,6.973834838984985
-72.72363701669246,6.913006849392374
-71.9221428797938,6.852360531006725
-71.12489144268909,6.791896444510693
-70.33189063385203,6.7316152120985375
-69.543148339563,6.671517516637588
-68.75867240382809,6.611604100826422
-67.97847062830192,6.551875766350061
-67.202550772206,6.49233337303177
-66.43092055225202,6.43297783798228
-65.6635876425621,6.373810134745904
-64.90055967459318,6.314831292444201
-64.14184423705694,6.256042394916788
-63.38744887584551,6.197444579859938
-62.63738109395365,6.139039037962684
-61.89164835140275,6.080827012040619
-61.15025806516553,6.02280979616778
-60.413217609091475,5.9649887348063615
-59.680534313830776,5.907365221934544
-58.95221546676146,5.849940700172694
-58.22826831191469,5.79271665990772
-57.50870004990111,5.7356946384160015
-56.793517837839545,5.67887621898495
-56.082728789282555,5.622263030033091
-55.37633997414605,5.5658567442291345
-54.67435841863539,5.5096590776097685
-53.97680332944333,5.453672771004438
-53.28373112335146,5.3979207753653915
-52.31965811949124,5.32026843723231

line
-31.898092541066717,5.432974677708541
-31.94545936146676,5.187502918996473

spline
m
f
k
c
-52.39999999999998,4.323501071074929
-51.99136374145576,4.290563992103277
-51.3117286611689,4.235724332898555
-50.63654269025517,4.181178980045995
-49.96581250587508,4.126923815970321
-49.299544741124464,4.072954948784055
-48.63774598496866,4.019268708897442
-47.98042278217679,3.9658616456259277
-47.32758163325843,3.912730523795851
-46.679228994397704,3.8598723203484306
-46.03537127739105,3.8072842209430537
-45.396014849582,3.7549636165597984
-44.761166033799896,3.7029081001022472
-44.130831108296434,3.651115463000581
-43.50501630668384,3.5995836918157353
-42.883727817873364,3.5483109648450104
-42.26697178601353,3.4972956487295552
-41.65475431042978,3.44653629506435
-41.04708144556457,3.3960316370110823
-40.443959200916424,3.3457805859142806
-39.84539354098183,3.2957822279214883
-39.251390385194895,3.246035820607545
-38.66195560786923,3.196540789603813
-38.077095038141465,3.147296725232772
-37.49681445991064,3.0983033791479744
-36.92111961178375,3.0495606609806893
-36.35001618701688,3.001068634992808
-35.78350983346047,2.952827516737215
-35.221606153502876,2.9048376697255684
-34.66431070401438,2.8570996021041624
-34.11162899629346,2.8096139633384594
-33.563566496011276,2.76238154090643
-33.0201286231578,2.7154032570014275
-32.48132075198896,2.668680165245016
-31.947148210972045,2.622218378883746
-31.417616282734684,2.576101822720975

line
-32.261883548887,2.900535831063916
-2.3999999999999773,0

line
-52.39999999999998,4.323501071074929
-52.31965811949124,5.32026843723231

line
-32.66945874171586,-2.0
-32.261883548887,2.900535831063916

-color
t
255,0,255
line
-58.070875805433616,10.795887303416277
-77.39999999999998,6.261397366971073

-color
t
255,0,0
line
-31.898092541066717,5.46466251827746
-32.28260438660834,2.6514062445159667

-color
t
255,0,255
text
-62.39999999999998,-23.059799215623432
8
0
3-10

-color
t
255,0,255
spline
m
f
k
c
-249.09751596560398,5.4360658057030244
-249.6978701331676,5.552648767348488
-250.2319569092232,5.655707435002063
-250.77058843100292,5.7599930795752305
-251.31375936436018,5.865507818512777
-251.86146433021327,5.972253531275912
-252.41369790459703,6.080231853410456
-252.97045461871903,6.189444170598203
-253.5317289590114,6.299891612691131
-254.09751536718682,6.411575047730213
-254.66780824029422,6.524495075949525
-255.2426019307726,6.638652023765627
-255.82189074650876,6.7540459377544435
-256.4056689508917,6.870676578614996
-256.9939307628721,6.988543415122271
-257.58667035701717,7.107645618068669
-258.1838818635691,7.227982054195791
-258.78555936850387,7.34955128011734
-259.39169691358813,7.472351536233362
-260.00228849643986,7.596380740637449
-260.6173280705865,7.721636483017256
-261.2368095455249,7.848116018549177
-261.8607267867819,7.975816261788489
-262.48907361597423,8.104733780555168
-263.1218438108698,8.234864789816806
-263.7590311054498,8.366205145569339
-264.4006291899685,8.49875033871577
-265.0466317110179,8.632495488945239
-265.697032271588,8.76743533861161
-266.35182443113194,8.903564246613795
-267.0110017056279,9.040876182277746
-267.674557567643,9.179364719241518
-268.3424854463984,9.319023029344285
-269.01477872783414,9.459843876519818
-269.6914307546717,9.601819610695262
-270.37243493272626,9.74494218404327
-271.0577870343227,9.889208793825931
-271.7474813873306,10.034733926285194
-272.44150888848435,10.181570301724175
-273.1398616737139,10.32972198263493
-273.84253283540966,10.479193199119639
-274.5495154232533,10.629988137136847
-275.26080244428397,10.782110937320057
-275.9763868629698,10.935565693797319

line
-249.14503654366138,5.190623766392123
-219.60000000000002,0

spline
m
f
k
c
-295.1604408954587,7.294210828870272
-294.3396920006958,7.233191805140871
-293.5230488001939,7.172349221103523
-292.7105194153902,7.1116831818805055
-291.9021119268955,7.051193858713687
-291.09783437441433,6.990881488166282
-290.2976947566632,6.9307463713205815
-289.50170103128903,6.870788872971719
-288.70986111478817,6.811009420817639
-287.9221828824276,6.751408504645502
-287.13867416816356,6.691986675514357
-286.35934276456294,6.632744544934519
-285.5841964227244,6.573682784043479
-284.81324285219875,6.514802122778621
-284.04648972091286,6.456103349046977
-283.28394465508984,6.397587307891685
-282.52561523917313,6.339254900655856
-281.7715090157483,6.281107084143434
-281.0216334854689,6.223144869777648
-280.27599610697723,6.165369322756602
-279.53460429683173,6.1077815612067665
-278.7974654294303,6.050382755333973
-278.06458683693563,5.993174126572155
-277.33597580920093,5.936156946730181
-276.6116395936971,5.879332537136625
-275.89158539543723,5.822702267782579
-275.1758203769059,5.766267556462985
-274.4643516579847,5.7100298679160195
-273.7571863158805,5.653990712961205
-273.0543313850551,5.598151647636091
-272.355793857152,5.542514272331508
-271.6615806809274,5.4870802309258515
-270.97169876217754,5.431851209918074
-270.28616718793705,5.376829919867637
-269.5197362089875,5.315169836739621

line
-249.09751596560398,5.4360658057030244
-249.14503654366138,5.190623766392123

spline
m
f
k
c
-269.6,4.318396179457139
-269.0086232580609,4.270776402511898
-268.33634022867204,4.216588750860115
-267.6684229945971,4.162694603021
-267.00487816111297,4.10908968728659
-266.34571229025664,4.055769957074287
-265.69093190076035,4.00273158759813
-265.0405434679865,3.9499709725371437
-264.3945534238635,3.89748472070135
-263.75296815682304,3.8452696526959302
-263.1157940117357,3.793322797583806
-262.4830372898499,3.7416413895474903
-261.8547042487272,3.690222864550153
-261.2308011021827,3.639064856997038
-260.61133402022244,3.58816519639713
-259.9963091289825,3.5375219040258172
-259.38573251066873,3.48713318958907
-258.7796102034961,3.4369974478893934
-258.1779482016293,3.3871132554942798
-257.58075245512384,3.337479367407448
-256.9880288698662,3.2880947137433503
-256.3997833075166,3.2389583964056
-255.81602158545013,3.190069685769484
-255.23674947669917,3.141428017369275
-254.66197270989767,3.0930329885908314
-254.09169696922254,3.044884355369564
-253.52592789433925,2.9969820288948212
-252.96467108034415,2.9493260723205177
-252.40793207771117,2.901916697483128
-251.85571639223565,2.854754261626859
-251.30802948497967,2.8078392641368524
-250.7648767722195,2.7611723432809074
-250.2262636253904,2.7147542729597696
-249.69219537103447,2.6685859594669292
-249.16267729074787,2.622668438258043
-248.63771462112777,2.5770077171788612

line
-249.46201510340723,2.8995621899842585
-219.60000000000002,0

line
-269.6,4.318396179457139
-269.5197362089875,5.315169836739621

line
-249.86860483805992,-2.0000000000000004
-249.46201510340723,2.8995621899842585

-color
t
255,0,255
line
-275.0812131383649,10.774342871744397
-294.6,6.249795949622368

-color
t
255,0,0
line
-249.09751596560398,5.467773939999518
-249.48269026372066,2.650438190664644

-color
t
255,0,255
text
-279.6,-23.17945784983681
8
0
3-12

-color
t
255,0,255
spline
m
f
k
c
-466.29688113190525,5.439505003958605
-466.8946540386022,5.555967746288639
-467.42383620692885,5.658423880564331
-467.95747814532547,5.762087545827156
-468.4955745689458,5.86696058853394
-469.0381201488477,5.973044615505065
-469.5851095120463,6.080340988079794
-470.13653724156677,6.188850816255541
-470.6923978764987,6.298574952811458
-471.2526859120503,6.409513987417654
-471.8173957996023,6.521668240730253
-472.386521946764,6.635037758473785
-472.9600587174265,6.749622305510816
-473.53800043182173,6.8654213599010205
-474.1203413665763,6.982434106948897
-474.70707575476854,7.100659433241976
-475.2981977859863,7.220095920680382
-475.8937016063833,7.340741840497856
-476.4935813187383,7.462595147275878
-477.0978309825124,7.585653472951165
-477.7064446139076,7.709914120817434
-478.319416185927,7.835374059522905
-478.936739628433,7.962029917063217
-479.5584088282077,8.089877974771778
-480.1844176290142,8.21891416130784
-480.814759831655,8.349134046642643
-481.4494291940356,8.480532836045857
-482.08841943122377,8.613105364071568
-482.7317242155133,8.746846088545986
-483.3793371764855,8.881749084556894
-484.0312519010711,9.017808038445846
-484.6874619336147,9.155016241804471
-485.3479607759382,9.29336658547512
-486.0127418874031,9.432851553556794
-486.6817987912199,9.57346323976395
-487.3551273778646,9.71519889979123
-488.03272209411193,9.858171015495808
-488.71457395635366,10.002431373870197
-489.4006752209292,10.147983962435696
-490.09101910138884,10.294832937077368
-490.7855987693232,10.442982410311014
-491.4844073544284,10.59243645012247
-492.18743794457623,10.74319907880791
-492.8946835858817,10.895274271814388

line
-466.3445542131508,5.194092540288651
-436.79999999999995,0

spline
m
f
k
c
-511.8438978849613,7.243859914023538
-511.03351976316003,7.183737893567594
-510.22716724730856,7.123789176470583
-509.4248483572146,7.064013800313543
-508.62657107265716,7.004411868417542
-507.8323433333027,6.9449835490633305
-507.0421730386271,6.885729074707168
-506.2560680478349,6.826648741192611
-505.47403617977966,6.767742906958455
-504.69608521288376,6.709011992242904
-503.9222228850613,6.650456478284278
-503.1524568936378,6.592076906518017
-502.38679489527374,6.5338738777705005
-501.6252445058857,6.4758480514493675
-500.8678133005692,6.418000144730812
-500.1145088135237,6.360330931743892
-499.3653385379737,6.302841242751609
-498.62030992609414,6.245531963329434
-497.87943038893445,6.18840403354097
-497.1427072963445,6.131458447111096
-496.4101479768974,6.074696250596417
-495.68175971781784,6.018118542553597
-494.95754976490684,5.961726472705264
-494.2375253224683,5.905521241103681
-493.52169355323633,5.8495040972925905
-492.81006157830257,5.793676339466889
-492.1026364770437,5.738039313630623
-491.39942528705035,5.682594412753282
-490.7004350040546,5.627343075924321
-490.0056725818597,5.5722867875064015
-489.3151449322704,5.517427076287224
-488.6288589250213,5.462765514629926
-487.9468213877087,5.408303717622578
-486.71999650035934,5.309976765797562

line
-466.29688113190525,5.439505003958605
-466.3445542131508,5.194092540288651

spline
m
f
k
c
-486.79999999999995,4.313182183125055
-486.6756239243538,4.303199663660934
-486.006576567042,4.249380267641318
-485.34180530616493,4.195850500713439
-484.68131671588833,4.142613509616964
-484.0251173280252,4.089664873143443
-483.37321363197054,4.0370003945271735
-482.725612074638,3.9846160981782432
-482.0823190603961,3.932508226412203
-481.4433409510042,3.8806732361768423
-480.80868406555,3.8291077957767605
-480.17835468038743,3.777808781595996
-479.5523590290736,3.726773274819176
-478.93070330230864,3.6759985581519214
-478.3133936478723,3.625482112540502
-477.70043617056535,3.575221613891824
-477.09183693214834,3.525214929793673
-476.4876019512809,3.4754601162358827
-475.88773720346387,3.4259554143331123
-475.2922486209785,3.3766992470492245
-474.7011420928287,3.3276902159242012
-474.114423464683,3.278927097803805
-473.53209853881583,3.23040884157241
-472.95417307405137,3.1821345648897124
-472.38065278570537,3.1341035509314223
-471.8115433455289,3.0863152451347178
-471.24685038165376,3.0387692519488807
-470.68657947853444,2.991465331591154
-470.13073617689463,2.944403396808942
-469.5793259736714,2.8975835096482276
-469.03235432196186,2.851005878229041
-468.4898266309682,2.80467085352813
-467.95174826594496,2.7585789261695424
-467.41812454814544,2.7127307232233457
-466.8889607547694,2.6671270050131
-466.36426211891103,2.6217686619324203
-465.84403382950654,2.57665671127105

line
-466.66217862339363,2.898453162781109
-436.79999999999995,0

line
-486.79999999999995,4.313182183125055
-486.71999650035934,5.309976765797562

line
-467.06740027213016,-2.0
-466.66217862339363,2.898453162781109

-color
t
255,0,255
line
-492.08661444174174,10.75223625401683
-511.79999999999995,6.237862631737419

-color
t
255,0,0
line
-466.29688113190525,5.471197628513235
-466.6827893232927,2.6493210941096326

-color
t
255,0,255
text
-496.79999999999995,-23.299116484050202
8
0
3-14

-color
t
255,0,255
spline
m
f
k
c
-683.4961826437583,5.443303994448991
-684.0770839828549,5.55685468155343
-684.6011969262908,5.65866727314151
-685.1296848076786,5.76166764579199
-685.6625423930984,5.8658573775996485
-686.1997644053737,5.971237805561382
-686.7413455241223,6.07781001981995
-687.2872803858106,6.185574857892678
-687.8375635838065,6.294532898885782
-688.3921896684323,6.404684457694901
-688.9511531470193,6.516029579193126
-689.5144484839614,6.628568032406634
-690.0820701007715,6.742299304679772
-690.6540123761356,6.857222595829127
-691.2302696459681,6.973336812288162
-691.8108362034689,7.090640561243428
-692.3957062991786,7.2091321447623775
-692.9848741410369,7.328809553914334
-693.5783338944383,7.449670462885057
-694.1760796822905,7.57171222308572
-694.7781055850721,7.694931857257309
-695.3844056408917,7.8193260535712525
-695.9949738455457,7.944891159726757
-696.6098041525788,8.071623177046376
-697.2288904733417,8.199517754569559
-697.8522266770534,8.32857018314649
-698.4798065908595,8.458775389531523
-699.1116239998948,8.590127930478218
-699.7476726473432,8.722621986836062
-700.3879462344992,8.85625135765017
-701.032438420831,8.991009454264658
-701.6811428240425,9.126889294430466
-702.3340530201345,9.263883496418346
-702.9911626497136,9.401984295484654
-703.6524677214067,9.541189005756552
-704.3179628008933,9.681608104706422
-704.9876390242231,9.823292446016238
-705.6614887681447,9.966245942236506
-706.3395053673682,10.110472675035146
-707.0216821153932,10.255976683485208
-707.7080122645729,10.402761962924883
-708.3984890261828,10.550832463818525
-709.0931055704873,10.700192090617822
-709.7918550268066,10.850844700623679
-710.4947304835857,11.002794102849306

line
-683.5440069101766,5.197920947883921
-654.0,0

spline
m
f
k
c
-729.3061688138424,7.250922441971954
-728.5023640275199,7.191532423271631
-727.7025084476189,7.132313573963805
-726.9065986308614,7.073264958264908
-726.1146424939213,7.014386547800288
-725.3266479142355,6.955678379523572
-724.5426227299242,6.897140554954578
-723.76257473971,6.838773239412973
-722.98651170284,6.780576661248056
-722.2144413390067,6.722551111064641
-721.4463713282705,6.664696940945198
-720.6823093109795,6.607014563668169
-719.9222628876951,6.549504451923055
-719.1662396191123,6.492167137521681
-718.4142470259847,6.435003210606482
-717.666292589047,6.378013318855248
-716.9223837489399,6.32119816668301
-716.1825279061347,6.264558514440816
-715.4467324208575,6.208095177611524
-714.7150046130153,6.15180902600301
-713.9873517621207,6.095700982938508
-713.2637811072203,6.0397720244445505
-712.5442998468177,5.984023178436231
-711.8289151388041,5.928455523900427
-711.1176341003835,5.873070190076553
-710.4104638080012,5.817868355635216
-709.7074112972717,5.76285124785499
-709.0084835629082,5.708020141797151
-708.3136875586503,5.653376359478667
-707.6230301971948,5.598921269043571
-706.9365183501246,5.5446562839326194
-706.2541588478391,5.490582862051607
-705.575958479486,5.436702504938365
-704.9019239928907,5.383016756928343
-703.9201995495409,5.304560816589575

line
-683.4961826437583,5.443303994448991
-683.5440069101766,5.197920947883921

spline
m
f
k
c
-704.0,4.307749957847294
-703.6462811051887,4.2794327230436355
-702.9849877828475,4.226356812524133
-702.3278876997734,4.173498477147728
-701.6749873542692,4.120924598914989
-701.0262932031046,4.068638268373801
-700.3818116614533,4.016635143265877
-699.7415491028282,3.9649111017677603
-699.1055118590195,3.91346223928221
-698.4737062200319,3.8622848652262687
-697.846138434022,3.8113754998165446
-697.2228147072367,3.760730870852184
-696.603741203952,3.7103479104960764
-695.9889240464116,3.6602237520545513
-695.3783693147674,3.6103557267563495
-694.7720830470174,3.560741360530848
-694.1700712389483,3.5113783707866246
-693.5723398440742,3.462264663190213
-692.9788947735796,3.413398328445965
-692.3897418962592,3.3647776390771718
-691.8048870384611,3.316401046209063
-691.2243359840282,3.2682671763541307
-690.6480944742423,3.2203748282001703
-690.0761682077656,3.1727229694014802
-689.5085628405863,3.125310733373834
-688.9452839859607,3.078137416093371
-688.3863372143588,3.03120247290018
-687.83172805341,2.9845055153069406
-687.2814619878463,2.938046307812744
-686.7355444594501,2.891824764723075
-686.1939808669988,2.845840946975948
-685.6567765662126,2.8000950589749545
-685.123936869701,2.7545874454294217
-684.5954670469102,2.709318588202233
-684.0713723240715,2.6642891031657947
-683.5516578841487,2.61949973706645
-683.0363288667876,2.5749513643979114

line
-683.8623343617056,2.8971990983973392
-654.0,0

line
-704.0,4.307749957847294
-703.9201995495409,5.304560816589575

line
-684.2665781226301,-2.0
-683.8623343617056,2.8971990983973392

-color
t
255,0,255
line
-709.0869449177233,10.729553139394161
-729.0,6.225589443059985

-color
t
255,0,0
line
-683.4961826437583,5.474962049736446
-683.8829008900218,2.6480623854304612

-color
t
255,0,255
text
-714.0,-23.418775118263582
8
0
3-16

-color
t
255,0,255
spline
m
f
k
c
-900.6954190796183,5.44747497356202
-901.244915707256,5.555247000455866
-901.7637950464114,5.656374703050043
-902.2869646373491,5.758670139694236
-902.814419298701,5.86213462304295
-903.3461538066778,5.966769223384361
-903.8821628951225,6.0725747629739
-904.4224412555627,6.179551810353911
-904.9669835372621,6.2877006746595265
-905.5157843472746,6.397021399912446
-906.0688382504961,6.50751375930243
-906.6261397697212,6.619177249458523
-907.1876833856949,6.732011084709356
-907.7534635371676,6.846014191334349
-908.3234746209514,6.961185201806472
-908.897710991974,7.077522449026896
-909.4761669633355,7.195023960552763
-910.0588368063643,7.313687452818967
-910.6457147506733,7.433510325353978
-911.2367949842173,7.554489654991728
-911.8320716533506,7.676622190079302
-912.4315388628837,7.799904344681728
-913.0351906761433,7.9243321927848775
-913.6430211150283,8.049901462496434
-914.2550241600712,8.176607530247109
-914.8711937504954,8.30444541499148
-915.4915237842763,8.433409772410407
-916.1160081182009,8.563494889115212
-916.7446405679274,8.694694676854496
-917.3774149080473,8.827002666724823
-918.0143248721467,8.96041200338579
-918.655364152866,9.094915439279877
-919.3005265082073,9.230505351205332
-919.9498080649488,9.367179111721871
-920.6032035076746,9.50504519391701
-921.2607040920925,9.644153518162254
-921.9223023153602,9.784507922037267
-922.5879916333477,9.926112412992898
-923.2577654614632,10.068970956659369
-923.9316171747173,10.213087475727265
-924.6095401077894,10.358465848829109
-925.2915275550929,10.505109909421224
-925.977572770842,10.653023444666417
-926.6676689691186,10.802210194317663
-927.3618093239392,10.952673849602421

line
-900.7433931492953,5.202121170578197
-871.2,0

spline
m
f
k
c
-946.7257156779415,7.254240229756334
-945.9287265713756,7.195683118424129
-945.1356275610545,7.137219994581468
-944.3464345020838,7.078909579769889
-943.5611190102765,7.020767233904062
-942.7796774985628,6.962792022962229
-942.0021177405342,6.904983919129998
-941.2284474712563,6.847342958733591
-940.4586743871913,6.789869241491612
-939.6928061461173,6.732562929762612
-938.9308503670527,6.675424247788932
-938.1728146301787,6.618453480936675
-937.4187064767613,6.561650974931929
-936.6685334090752,6.50501713509343
-935.9223028903288,6.448552425561818
-935.1800223445867,6.392257368525344
-934.4416991566954,6.33613254344245
-933.7073406722084,6.280178586261133
-932.9769541973105,6.224396188635205
-932.2505469987457,6.168786097137726
-931.5281263037414,6.113349112471433
-930.8096992999365,6.058086088676589
-930.095273135307,6.002997932336039
-929.384854918096,5.948085601777992
-928.678451716738,5.893350106276038
-927.9760705597903,5.838792505247248
-927.2777184358602,5.784413907447836
-926.583402293534,5.730215470166744
-925.8931290413071,5.676198398417384
-925.2069055475138,5.622363944127406
-924.5247386402568,5.568713405326703
-923.8466351073392,5.515248125333852
-923.1726016961946,5.461969491940909
-922.5026451138185,5.408878936596803
-921.8367720267014,5.355977933589488
-921.1204017547733,5.298909119977143

line
-900.6954190796183,5.44747497356202
-900.7433931492953,5.202121170578197

spline
m
f
k
c
-921.2,4.302082094181386
-920.5970018338074,4.253931718377128
-919.9436214487308,4.201624855351931
-919.2943516413412,4.149513961387324
-918.6491988325049,4.097616686654128
-918.0081694023735,4.04599869711653
-917.3712696903209,3.9946630271306307
-916.7385059948815,3.9436054133883114
-916.1098845736859,3.8928218090083364
-915.485411643401,3.8423083803861577
-914.8650933796678,3.7920615040403334
-914.2489359170398,3.742077763456235
-913.6369453489233,3.6923539459275863
-913.0291277275165,3.642887039396135
-912.4254890637496,3.593674229289915
-911.8260353272262,3.5447128953607745
-911.2307724461626,3.496000608521191
-910.639706307331,3.4475351276814044
-910.0528427560002,3.3993143965867505
-909.4701875958781,3.3513365406560256
-908.8917465890546,3.3035998638212187
-908.3175254559436,3.256102845368889
-907.7475298752278,3.208844136784048
-907.1817654838015,3.1618225585965236
-906.6202378767154,3.115037097230537
-906.062952607121,3.068486901857933
-905.509915186216,3.022171281255297
-904.9611310831887,2.9760897006656197
-904.4166057251662,2.930241778664988
-903.8763444971582,2.884627284034322
-903.3403527420056,2.8392461326371947
-902.8086357603261,2.7940983843036458
-902.2811988104633,2.7491842397208557
-901.7580471084337,2.7045040373307003
-901.2391858278755,2.6600582502349117
-900.7246200999974,2.615847483108223
-900.2143550135278,2.5718724691197794

line
-901.0625035029825,2.89579744509176
-871.2,0

line
-921.2,4.302082094181386
-921.1204017547733,5.298909119977143

line
-901.4657513499698,-2.0
-901.0625035029825,2.89579744509176

-color
t
255,0,255
line
-926.0820639835536,10.706278662935668
-946.2,6.212939341705129

-color
t
255,0,0
line
-900.6954190796183,5.479074129603275
-901.0830255384434,2.646655374003195

-color
t
255,0,255
text
-931.2,-23.53843375247698
8
0
3-18

-color
t
255,0,255
spline
m
f
k
c
-1117.8945876943012,5.451075522655528
-1118.9113868815998,5.651482901788793
-1119.429074192028,5.753031440524509
-1119.9509620892331,5.8557284269487395
-1120.4770454044342,5.95957466805509
-1121.007318927319,6.06457072182203
-1121.541777406092,6.170716891624144
-1122.0804155475298,6.278013220631756
-1122.623228017031,6.386459486198218
-1123.170209438671,6.496055194237243
-1123.721354395254,6.606799573589555
-1124.276657428367,6.7186915703805035
-1124.836113038434,6.831729842369509
-1125.399715684769,6.9459127532913625
-1125.967459785634,7.061238367191189
-1126.5393397182902,7.1777044427528525
-1127.115349819056,7.295308427622211
-1127.6954843833623,7.414047452726122
-1128.2797376658093,7.53391832658733
-1128.8681038802215,7.654917529636678
-1129.4605771997078,7.777041208523384
-1130.057151756715,7.900285170423318
-1130.657821643089,8.024644877347711
-1131.262580910131,8.150115440451403
-1131.8714235686577,8.276691614342612
-1132.4843435890584,8.404367791394376
-1133.1013349013556,8.533137996058816
-1133.7223913952635,8.662995879185004
-1134.347506920251,8.793934712341088
-1134.9766752855971,8.92594738214138
-1135.609890366701,9.05902640692601
-1136.2471484084908,9.19316921768717
-1136.8884442144558,9.328482283127627
-1137.5337691599618,9.465014590308277
-1138.1831158625755,9.60276990183806
-1138.8364778993268,9.74175215095063
-1139.4938488075331,9.88196522983354
-1140.1552220848616,10.023412988529683
-1140.8205911893958,10.166099233839706
-1141.4899495396985,10.31002772822464
-1142.1632905148772,10.455202188709167
-1142.8406074546515,10.601626285786041
-1143.5218936594156,10.749303642320983
-1144.2071423903085,10.898237832459074

line
-1117.9428569674124,5.205779625271717
-1088.4,0

spline
m
f
k
c
-1164.1015226988748,7.253566278388698
-1163.3117469610884,7.195928053685672
-1162.5257366313867,7.138371350354927
-1161.743502096479,7.080898300389842
-1160.9650863082666,7.023517547190981
-1160.1905049766474,6.9662867362681435
-1159.419729572934,6.909220893844329
-1158.6527563662642,6.852319087659552
-1157.889592987147,6.795581290459712
-1157.1302470282772,6.73900753794362
-1156.3747260444584,6.682597928028649
-1155.6230375525245,6.626352620112257
-1154.8751890312656,6.570271834329819
-1154.1311879213504,6.514355850808707
-1153.391041625252,6.458605008918665
-1152.6547575071709,6.403019706518697
-1151.9223428929624,6.347600399200596
-1151.193805070061,6.292347599529004
-1150.4691512874062,6.237261876278433
-1149.7483887553697,6.1823438536670245
-1149.031524645681,6.127594210587397
-1148.3185660913564,6.073013679834643
-1147.609520186625,6.018603047331352
-1146.9043939868575,5.9643631513501685
-1146.2031945084932,5.910294881733579
-1145.5059287289716,5.85639917911144
-1144.812603586658,5.802677034115853
-1144.1232259807764,5.74912948659408
-1143.4378027713367,5.6957576248191275
-1142.7563407790667,5.642562584698281
-1142.0788467853424,5.5895455489797845
-1141.4053275321194,5.53670774645767
-1140.7357897218633,5.484050451174747
-1140.0702400174837,5.431574981624152
-1139.4086850422646,5.379282699949211
-1138.3208034637166,5.292987152424157

line
-1117.8945876943012,5.451075522655528
-1117.9428569674124,5.205779625271717

spline
m
f
k
c
-1138.4,4.296128130976935
-1138.1768819975814,4.2784022814898455
-1137.527551402923,4.226684158183956
-1136.8822425405888,4.175155205073853
-1136.2409617922726,4.123816987660228
-1135.6037154998348,4.072671110250522
-1134.970509965236,4.021734896160527
-1134.3413514504775,3.9710727953180696
-1133.7162461775372,3.9206877858874774
-1133.0952003283096,3.870575683510754
-1132.4782200445436,3.8207325162489303
-1131.8653114277824,3.771154521490122
-1131.2564805393035,3.721838142854396
-1130.6517334000575,3.672780027095933
-1130.05107599061,3.623977021003005
-1129.454514251081,3.57542616829621
-1128.8620540810875,3.5271247065252846
-1128.273701339685,3.479070063965205
-1127.6894618453077,3.4312598565115398
-1127.1093413757137,3.383691884576189
-1126.5333456679261,3.336364129983293
-1125.9614804181765,3.2892747528661
-1125.3937512818497,3.2424220885652604
-1124.830163873426,3.195804644528729
-1124.2707237664272,3.149421097213969
-1123.7154364933608,3.10327028899288
-1123.164307545665,3.057351225059597
-1122.617342373656,3.011663070342045
-1122.0745463864712,2.9662051464172348
-1121.5359249520184,2.920976928431072
-1121.0014833969224,2.8759780420230463
-1120.4712270064701,2.831208260255902
-1119.945161024561,2.7866675005513155
-1119.4232906536533,2.742355821631355
-1118.9056210547137,2.698273420466759
-1118.3921573471664,2.654420629231981
-1117.8829046088408,2.610797912267592
-1117.3778678759234,2.56740586305066

line
-1118.2627069550897,2.894245843529359
-1088.4,0

line
-1138.4,4.296128130976935
-1138.3208034637166,5.292987152424157

line
-1118.6645353152921,-2.0
-1118.2627069550897,2.894245843529359

-color
t
255,0,255
line
-1143.0718249273123,10.682397374233933
-1163.4,6.199711117145886

-color
t
255,0,0
line
-1117.8945876943012,5.48354782446315
-1118.2831636743185,2.645095237205605

-color
t
255,0,255
text
-1148.4,-23.658092386690377
8
0
3-20

-color
t
255,0,255
spline
m
f
k
c
-1326.4941457374011,5.454029004335851
-1327.223598003725,5.597889282836098
-1327.7364016386919,5.698479849265294
-1328.253366230511,5.800208028730946
-1328.7744866590904,5.903074620595725
-1329.299757763197,6.007080177556097
-1329.8291743405068,6.112225000106459
-1330.3627311476575,6.218509130991417
-1330.9004229002983,6.325932349646118
-1331.4422442731457,6.434494166626621
-1331.9881899000338,6.544193818029683
-1332.5382543739668,6.655030259903599
-1333.092432247175,6.7670021626510355
-1333.650718031167,6.880107905423636
-1334.2131061967834,6.994345570510419
-1334.7795911742533,7.1097129377198005
-1335.3501673532473,7.2262074787563435
-1335.924829082935,7.3438263515933375
-1336.5035706720387,7.46256639484135
-1337.0863863888908,7.5824241221141815
-1337.6732704614901,7.703395716392652
-1338.2642170775582,7.825477024386763
-1338.8592203845978,7.948663550898028
-1339.458274489949,8.07295045318138
-1340.0613734608485,8.198332535308714
-1340.6685113244873,8.324804242533947
-1341.2796820680696,8.45235965566098
-1341.8948796388718,8.580992485415088
-1342.514097944303,8.710696066818771
-1343.137330851963,8.84146335357217
-1343.7645722959478,8.973286934786364
-1344.3958185802617,9.106164270669845
-1345.0310645678467,9.240200827732947
-1345.6703016938964,9.375445126381287
-1346.3135226361833,9.511900891738446
-1346.9607210323165,9.64957201992952
-1347.611890480568,9.788462366420639
-1348.267024539934,9.928575744930905
-1348.9261167301993,10.069915926345029
-1349.5891605320012,10.212486637626359
-1350.256149386895,10.356291560730554
-1350.9270766974178,10.501334331520232
-1351.601935827154,10.647618538680264
-1352.2807201008015,10.795147722634479

line
-1326.5424150105123,5.208733106952034
-1297.0,0

spline
m
f
k
c
-1371.9866718717944,7.194545430542135
-1371.204344550164,7.137450794941423
-1370.4257471081096,7.080436910654221
-1369.6508898590305,7.023505891372693
-1368.8798156818725,6.966666323495734
-1368.1125402139292,6.909975314517265
-1367.3490348542628,6.853447723814462
-1366.589295800115,6.797082620008209
-1365.8333306104535,6.740879976124564
-1365.0811468067875,6.684839827548623
-1364.3327518730916,6.6289622712971585
-1363.5881532557282,6.573247465287073
-1362.8473583633718,6.5176956276002596
-1362.1103745669361,6.462307035744713
-1361.3772091994974,6.4070820259120325
-1360.6478695562187,6.35202099223133
-1359.9223628942793,6.297124386019981
-1359.2006964327984,6.242392715030836
-1358.4828773527618,6.187826542696425
-1357.7689127969504,6.133426487369971
-1357.0588098698663,6.079193221563494
-1356.352575637662,6.025127471183098
-1355.6502171280672,5.971230014761309
-1354.9517413303179,5.91750168268695
-1354.2571551950864,5.86394335643234
-1353.5664656344095,5.810555967778161
-1352.8796795216183,5.757340498035758
-1352.1968036912695,5.704297977267488
-1351.517844939075,5.651429483504766
-1350.8428100218332,5.598736141964042
-1350.1717056573602,5.546219124260984
-1349.504538524422,5.493879647622799
-1348.8413152626667,5.441718974098771
-1348.182042472556,5.389738409769301
-1346.921002882129,5.289938863040904

line
-1326.4941457374011,5.454029004335851
-1326.5424150105123,5.208733106952034

spline
m
f
k
c
-1347.0,4.2930640186556905
-1346.9544710360856,4.289456086376971
-1346.3072887711892,4.238039995815407
-1345.6640839368579,4.186809779333159
-1345.0248628939794,4.135766948422217
-1344.389631964044,4.084913053814381
-1343.7583974290817,4.0342496846821225
-1343.131165531602,3.983794000913736
-1342.5079424745297,3.9336098444188496
-1341.8887344211453,3.8837001652658927
-1341.2735474950236,3.8340608185719716
-1340.6623877799725,3.7846878698692192
-1340.0552613199732,3.7355775920421013
-1339.4521741191213,3.6867264622614293
-1338.8531321415664,3.6381311589157845
-1338.258141311453,3.5897885585407128
-1337.6672075128633,3.54169573274625
-1337.0803365897566,3.493849945142978
-1336.4975343459143,3.4462486482674195
-1335.9188065448802,3.3988894805067185
-1335.3441589099052,3.3517702630235853
-1334.773597123889,3.304888996681564
-1334.207126829326,3.258243858971142
-1333.6447536282476,3.211833200937295
-1333.0864830821674,3.165655544108649
-1332.5323207120268,3.1197095774289343
-1331.9822719981403,3.0739941541910683
-1331.4363423801399,3.0285082889741326
-1330.8945372569233,2.983251154584101
-1330.3568619865987,2.9382220789982054
-1329.8233218864334,2.8934205423137986
-1329.2939222328005,2.8488461737020767
-1328.768668261126,2.804498748366707
-1328.2475651658388,2.760378184508382
-1327.7306181003169,2.7164845402952107
-1327.2178321768392,2.6728180108397206
-1326.7092124665328,2.6293789251826265
-1326.2047639993234,2.5861677432839425

line
-1326.8628142395905,2.893406062489269
-1297.0,0

line
-1347.0,4.2930640186556905
-1346.921002882129,5.289938863040904

line
-1327.2639207358588,-2.0000000000000004
-1326.8628142395905,2.893406062489269

-color
t
255,0,255
line
-1351.5646491522925,10.670224323752596
-1372.0,6.192865332651364

-color
t
255,0,0
line
-1326.4941457374011,5.48592446365633
-1326.8832379358057,2.6442561282951997

-color
t
255,0,255
text
-1357.0,-23.71792170379706
8
0
3-21

