texted
1
-lweight
0.001
-color
t
255,0,255
spline
m
f
k
c
719.7599659887684,3.9842951267591706
719.0704202086042,4.088077424159355
718.6036363472265,4.157951710694387
718.1334518986868,4.228563603894664
717.659871515,4.299915732345776
717.1828998817749,4.372010675045001
716.702541718169,4.444850960045965
716.2188017768402,4.518439063101865
715.7316848439008,4.5927774063073405
715.2411957388698,4.6678683567387695
714.7473393146246,4.743714225093981
714.2501204573538,4.820317264330567
713.749544086508,4.897679668303831
713.2456151547515,4.975803570404057
712.7383386479129,5.054691042193296
712.2277195849362,5.134344092042178
711.7137630178297,5.214764663766613
711.1964740316181,5.295954635264399
710.6758577442902,5.377915817152646
710.151919306749,5.460649951405238
709.624663902761,5.544158709991313
709.0940967489039,5.6284436935143685
708.5602230945151,5.713506429852661
708.0230482216408,5.799348372800453

line
719.7228375638182,3.737067539178992
749.49,0

spline
m
f
k
c
689.1279719366981,-0.6587074641740728
689.767801920103,-0.6402037185667601
690.4045163672655,-0.6219707728401113
691.0381089830931,-0.6040038305107418
691.6685735033615,-0.5862981686976286
692.2959036947767,-0.5688491376336755
692.920093355038,-0.5516521601726994
693.5411363128972,-0.5347027312919514
694.1590264282207,-0.5179964175901558
694.7737575920507,-0.5015288567812622
695.3853237266637,-0.48529575718398815
695.9937187856319,-0.46929289720717554
696.5989367538837,-0.453516124831107
697.2009716477602,-0.43796135708492845
697.7998175150777,-0.422624579520119
698.395468435184,-0.40750184568026976
698.9879185190181,-0.3925892765671266
699.5771619091687,-0.3778830601030966
700.1631927799299,-0.3633794505902699
700.7460053373618,-0.3490747681659762
701.3255938193452,-0.3349653982551408
701.9019524956401,-0.3210477910193437
702.4750756679409,-0.30731846080284514
703.0449576699345,-0.29377398557550916
703.6115928673546,-0.2804110063728827
704.1749756580377,-0.2672262267334005
704.7351004719796,-0.25421641213284385
705.2919632379989,-0.24137835576372285
705.8455612085082,-0.22876321298568308
706.3958873633343,-0.21646856821887103
706.9429333371071,-0.20448641441403237
707.4866936530702,-0.1928062344390067
708.0271629400263,-0.18141775408495495
708.5643358592988,-0.17031094109055525
709.0982071047856,-0.1594760025088051
709.6287714030098,-0.14890338206630366
710.1560235131724,-0.1385837575153133
710.679958227203,-0.12850803797912683
711.2005703698115,-0.11866736129104957
711.7178547985383,-0.10905309132748597
712.2318064038054,-0.0996568153354844
712.7424201089658,-0.09047034125521697
713.2496908703547,-0.08148569503771398
713.7536136773374,-0.0726951179583736
714.2541835523593,-0.06409106392657171
714.7513955509951,-0.05566619679180186
715.2452447619969,-0.04741338764678768
715.7357263073422,-0.039325712127942475
716.2228353422831,-0.03139644771357726
716.7065670553918,-0.02361907102032277
717.1869166686103,-0.015987255098075116
717.6638794372951,-0.008494866723979581
718.1374506502657,-0.00113596369577049
718.6076256298497,0.006095207875089558
719.490001846177,0.019665929600762758

line
719.7599659887684,3.9842951267591706
719.7228375638182,3.737067539178992

line
719.484452903916,0.26960434049389487
749.49,0

line
719.5348409310936,-2.0
719.484452903916,0.26960434049389487

-color
t
255,0,255
line
708.2441226014432,5.7943685096564055
689.49,-0.6782276875126343

-color
t
255,0,0
line
719.7599659887684,4.015604274701958
719.490001846177,-0.010524762127081332

-color
t
255,0,255
text
689.49,-27.46783746273037
8
0
5-1

-color
t
255,0,255
spline
m
f
k
c
501.98065372288625,3.993694034399512
501.09661224238664,4.127542925649177
500.63426657094396,4.197202372860458
500.16861010284026,4.2675870122122745
499.6996474453332,4.3386993117750094
499.22738323838644,4.410541688559271
498.7518221546244,4.483116507189909
498.27296889928607,4.556426078578623
497.7908282101779,4.630472658595866
497.3054048576271,4.705258446741589
496.81670364443426,4.780785584815388
496.324729405826,4.857056155586142
495.82948700940653,4.934072181461165
495.33098135511,5.011835623155337
494.8292173751511,5.090348378360104
494.32420003397726,5.169612280412523
493.81593432821876,5.249629096964919
493.3044252866391,5.330400528654767
492.7896779700858,5.4119282077753805
492.27169747143967,5.494213696947362
491.7504889155641,5.577258487791217
491.22605745925534,5.661063999600913
490.6984095317341,5.745631378929608
490.1675515565819,5.830916229718295

line
501.9432902726786,3.746501856957382
531.709375,0

spline
m
f
k
c
471.5209304621022,-0.6793108929467693
472.1516462565929,-0.6607030282608445
472.77933280466084,-0.6423691221081922
473.4039839005013,-0.6243043466666524
474.0255933683243,-0.606503946910214
474.6441550624156,-0.5889632401414381
475.25966286719733,-0.5716776155192151
475.8721106972881,-0.5546425335819323
476.481492497564,-0.5378535257661594
477.0878022432173,-0.5213061939209448
477.69103393981663,-0.5049962098177937
478.29118162336647,-0.48891931465640304
478.88823936036476,-0.47307131856632295
479.4822012478627,-0.45744810010451803
480.0730614135231,-0.4420456057490007
480.66081401567703,-0.42685984938861987
481.2454532433836,-0.411886911809044
481.8269733164851,-0.39712294017511207
482.4053684856657,-0.38256414750954587
482.9806330325082,-0.36820681216819207
483.5527612695488,-0.3540472773118854
484.1217475403356,-0.34008195037492917
484.68758621948257,-0.3263073025304269
485.25027171272677,-0.31271986815241226
485.8097984569815,-0.29931624427502485
486.3661609203938,-0.28609309004864025
486.9193536023969,-0.2730471261932315
487.46937103376547,-0.26017513444892615
488.01620777666994,-0.24747395702388533
488.55985989133956,-0.23494046238714983
489.1003247608322,-0.22262459084838326
489.63759549485235,-0.2106216126853705
490.17166385713983,-0.1989237123867935
490.70252449927864,-0.18752062234789796
491.23017217764084,-0.1764023120857873
491.75460168034783,-0.16555898732586433
492.2758078273214,-0.15498108743110428
492.79378547033457,-0.14465928282393659
493.30852949306245,-0.13458447240112528
493.82003481113156,-0.12474778094208387
494.3282963721707,-0.11514055651097135
494.83330915585964,-0.1057543678530232
495.33506817397927,-0.0965810017854868
495.83356847045945,-0.08761246058359455
496.32880512142924,-0.0788409593619218
496.8207732352637,-0.0702589234516039
497.30946795263264,-0.06185898577375802
497.7948844465484,-0.05363398420951765
498.27701792241317,-0.04557695896710595
498.75586361806586,-0.03768114994631649
499.23141680382935,-0.02993999410081639
499.70367278255605,-0.02234712279867525
500.1726268896756,-0.014896359181479846
500.6382744932391,-0.0075817155224940196
501.1006109939656,-0.00039739058420223267
501.7093823873922,0.009062410873484198

line
501.98065372288625,3.993694034399512
501.9432902726786,3.746501856957382

line
501.70371894995185,0.2589982535938897
531.709375,0

line
501.75490686741057,-2.0
501.70371894995185,0.2589982535938897

-color
t
255,0,255
line
490.65591881967987,5.782835955021681
471.709375,-0.7037448322638157

-color
t
255,0,0
line
501.98065372288625,4.025311320591355
501.7093823873922,-0.02105334850935351

-color
t
255,0,255
text
471.709375,-27.527909555105506
8
0
5-2

-color
t
255,0,255
spline
m
f
k
c
266.42226609221336,4.015016483619256
265.6938588996618,4.12639601523309
265.244546161479,4.194746939474075
264.7920967760716,4.26379470895505
264.3365152201188,4.333541522258303
263.8778060012845,4.40398952559964
263.4159736581738,4.475140811563621
262.95102276028683,4.546997417838506
262.482957907975,4.619561325950332
262.0117837323937,4.692834459996925
261.5375048954577,4.766818685381657
261.0601260897938,4.841515807547092
260.5796520386957,4.916927570708756
260.0960874960758,4.993055656589488
259.60943724641913,5.0699016831538435
259.1197061047353,5.147467203343534
258.6268989165112,5.225753703813351
258.13102055766205,5.304762603668346
257.63207593448465,5.384495253201796
257.1300712241509,5.464952733545423
256.62501259664737,5.5460927967959615
256.11690368925224,5.627873766395897
255.60574820454838,5.710300078624976
255.0915511951356,5.793376051106593

line
266.38455054522717,3.7678777826524983
296.14812500000005,0

spline
m
f
k
c
235.8414717103252,-0.7374318405234702
236.45585560099573,-0.7183537350230054
237.06738740671778,-0.6995602940668154
237.6760610814648,-0.6810465716533756
238.2818706074729,-0.6628076931943958
238.88480999529816,-0.6448388550934249
239.4848732838774,-0.627135324319565
240.08205454058634,-0.6096924379764315
240.67634786129815,-0.5925056028664342
241.26774737044173,-0.5755702950504265
241.85624722106058,-0.5588820594028341
242.44184159486906,-0.5424365091623914
243.02452470231083,-0.5262293254784519
243.60429078261598,-0.5102562569530794
244.18113410385752,-0.49451311917893737
244.75504896300856,-0.4789957942730692
245.32602968599804,-0.46370023040668445
245.89407062776695,-0.4486224413309919
246.459166172324,-0.4337585058992111
247.0213107328019,-0.4191045675847904
247.58049875151085,-0.40465683399600166
248.1367246999955,-0.39041157638689283
248.68998307908737,-0.37636512916480097
249.24026841896102,-0.362513889394383
249.78757527918742,-0.34885431629837876
250.33189824878662,-0.3353829307551174
250.8732319462831,-0.32209631479283857
251.4115710197575,-0.308991111080997
251.9469101469001,-0.2960640224185499
252.47924403506283,-0.2833118112193822
253.00856742131236,-0.2707312989949001
253.53487507248155,-0.25831936583392673
254.05816178522082,-0.24607294987998024
254.57842238605053,-0.23398904680596852
255.09565319802118,-0.2220646756339985
255.6098518654802,-0.2103473465737835
256.1210117578885,-0.1989277016183692
256.6291248972053,-0.18779830833231564
257.13418619169545,-0.17694939816568028
257.63619065287014,-0.166371428087447
258.13513332244577,-0.1560550797964846
258.63100927239293,-0.14599125727570253
259.1238136049841,-0.13617108433920452
259.61354145284247,-0.12658590217275137
260.10018797898863,-0.11722726686800007
260.58374837688916,-0.10808694695081267
261.0642178705024,-0.0991569209040975
261.54159171432696,-0.09042937468549161
262.01586519344664,-0.0818966992403518
262.4870336235782,-0.07355148801033953
262.95509235111626,-0.0653865344380646
263.4200367531794,-0.05739482946812896
263.881862237655,-0.04956955904494956
264.3405642432459,-0.04190410160773915
264.7961382395131,-0.03439202558306508
265.2485797269219,-0.02702708687529345
265.69788423688465,-0.01980322635537894
266.1481553219372,-0.012563825364634398

line
266.42226609221336,4.015016483619256
266.38455054522717,3.7678777826524983

line
266.14221446683075,0.23736557714856252
296.14812500000005,0

line
266.1953969438838,-2.0
266.14221446683075,0.23736557714856252

-color
t
255,0,255
line
255.49492644346026,5.758579867151939
236.14812500000005,-0.7578991101375747

-color
t
255,0,0
line
266.42226609221336,4.046394962724273
266.1481553219372,-0.04265343262849019

-color
t
255,0,255
text
236.14812500000005,-27.648053739855776
8
0
5-4

-color
t
255,0,255
spline
m
f
k
c
30.864232242513367,4.038934647164566
30.40006154095147,4.110656965937977
29.96478379239113,4.177506392603393
29.526542458720314,4.245023176385667
29.08534187613941,4.313209250861603
28.641186410123964,4.382066496314501
28.1940804553808,4.4515967385326825
27.744028435805262,4.521801747607974
27.291034804436435,4.592683236734075
26.835104043413935,4.664242861005003
26.37624066393289,4.736482216214034
25.91444920619915,4.8094028376529
25.44973423938484,4.8830061989116675
24.98210036158264,4.957293710679337
24.51155219975999,5.032266719545454
24.038094409713835,5.107926506802676
23.56173291656762,5.184274088161237
23.082473636712734,5.261269363873627
22.600319952288146,5.338872797379697
22.11527530919625,5.41708860918923
21.627344501816992,5.495920896396727
21.136532353196458,5.575373840966259
20.64284371486906,5.655451710584646
20.146283466809336,5.736158859490391

line
30.826165601666958,3.7918497814712726
60.586874999999964,0

spline
m
f
k
c
0.4054394591817072,-0.7923218584604348
1.001877632247556,-0.7731441699254056
1.595638521050546,-0.754126484368339
2.1867175331526596,-0.735265531515804
2.775110830630524,-0.7166083998047994
3.360811330892716,-0.6982299592587224
3.9438112189094454,-0.6801264029321831
4.524104706362323,-0.6622929700801601
5.101686056152289,-0.6447249673467852
5.676549557998555,-0.6274177691416858
6.2486895284938555,-0.6103668172400811
6.818100311161743,-0.5935676203782829
7.3847762765117295,-0.5770157538446682
7.948711822094765,-0.5607068590662171
8.50990137255917,-0.5446366431906333
9.068339379705549,-0.5288008786642249
9.624020322540787,-0.5131954028055628
10.17693870733342,-0.49781611737496995
10.727089067667976,-0.48265898813999464
11.274465964497722,-0.4677200444369254
11.819063986200263,-0.45299537872834644
12.360877748629491,-0.43848114615696465
12.899901895169023,-0.42417356409565987
13.436131096785175,-0.4100689116939033
13.969560052080624,-0.39616352942057925
14.500183487344657,-0.3824538186033797
15.027996156607287,-0.36893624096474076
15.552992841689615,-0.3556073181544864
16.07516835225624,-0.3424636312792195
16.594517525866536,-0.32950182042856485
17.11103522802432,-0.3167185841983489
17.62471635223062,-0.3041106792107449
18.135555820032323,-0.2916749196315667
18.643548581073446,-0.2794081766846843
19.148689613143915,-0.267307378163742
19.650973922230833,-0.2553695079411597
20.150396542566114,-0.24359160547462183
20.646952536676167,-0.23197076531103145
21.140636995431123,-0.22050413658804893
21.63144650470258,-0.20918888888084958
22.119378970128082,-0.1980701022991838
22.604428020924388,-0.18723379055137043
23.086585937270684,-0.17667290427783777
23.565847884112145,-0.16637817398346258
24.04220912809933,-0.15634054408910672
24.515664964543703,-0.14655117226710254
24.98621071746436,-0.13700142712030064
25.453841739633617,-0.1276828858544701
25.918553412622487,-0.11858733194437504
26.380341146845694,-0.10970675279391386
26.839200381607384,-0.10103333739065593
27.295126585145,-0.09255947395517158
27.74811525467453,-0.08427774758549608
28.19816191643372,-0.07618093789710868
28.645262125727186,-0.06826201665875482
29.08941146696884,-0.06051414542452288
29.530605553725877,-0.0529306731625013
29.968840028761633,-0.04550513388037896
30.586945870619957,-0.035031815438570396

line
30.864232242513367,4.038934647164566
30.826165601666958,3.7918497814712726

line
30.580710607452943,0.2148904154518363
60.586874999999964,0

line
30.635969495696827,-2.0
30.580710607452943,0.2148904154518363

-color
t
255,0,255
line
20.353755332540118,5.732811711186215
0.5868749999999636,-0.8164956176257114

-color
t
255,0,0
line
30.864232242513367,4.069951782370593
30.586945870619957,-0.06520914185834456

-color
t
255,0,255
text
0.5868749999999636,-27.76819792460604
8
0
5-6

-color
t
255,0,255
spline
m
f
k
c
-204.6933946220314,4.065249837785023
-205.20058508772706,4.144571666678691
-205.623622821632,4.210359017068443
-206.04944802384694,4.276784809834276
-206.47805648092083,4.343850665921061
-206.90944395186762,4.411558151301234
-207.34360616821004,4.479908775838601
-207.78053883402083,4.548903992151976
-208.22023762596564,4.618545194479821
-208.66269819334582,4.688833717545324
-209.10791615814207,4.759770835422582
-209.55588711505698,4.831357760403577
-210.00660539101557,4.903595442777052
-210.46006532322178,4.976445930951294
-210.91626378467572,5.049871828363479
-211.37519758615576,5.123877139753484
-211.8368621915015,5.198465741686863
-212.30125303742295,5.273641591029242
-212.7683655336756,5.34940872575468
-213.238195063106,5.425771265729985
-213.71073698169744,5.502733413495514
-214.18598661861495,5.580299455042252
-214.66393927625177,5.6584737605854665
-215.1445902302762,5.737260785334552

line
-204.73192689533153,3.818237158121967
-174.974375,0

spline
m
f
k
c
-235.35499145592223,-0.8602849715181039
-234.77558006299603,-0.8411635811905508
-234.19866798710632,-0.8222132592725123
-233.6242609318682,-0.8034305639006456
-233.05236457612796,-0.784812118601099
-232.4829845739049,-0.7663546118813006
-231.91612655433698,-0.748054796816915
-231.35179612162437,-0.7299094906338267
-230.7899988549749,-0.7119155742853612
-230.23073903072657,-0.694069951350975
-229.674020172131,-0.6764171719816623
-229.11984904853966,-0.6590280779939746
-228.56823316317684,-0.641899070841364
-228.01917799399303,-0.6250256460935043
-227.47268896916012,-0.6084033630401943
-226.92877149147557,-0.5920278450889719
-226.38743093831022,-0.5758947793867336
-225.8486726615538,-0.5599999164370005
-225.31250198756288,-0.5443390697129079
-224.7789242171085,-0.5289081152659993
-224.24794462532338,-0.513702991330843
-223.7195684616495,-0.49871969792561816
-223.1938009497875,-0.4839542964487367
-222.67064728764387,-0.46940290927148737
-222.15011264728003,-0.45506171932691236
-221.63220217486196,-0.44092696969491285
-221.1169209906078,-0.42699496318361996
-220.60427418873894,-0.4132620619072442
-220.0942668374288,-0.39972468686032714
-219.58690397875353,-0.3863793174885949
-219.08219062864055,-0.3732224912563675
-218.58013177682153,-0.3602508032107602
-218.08073238678082,-0.34746090554258846
-217.58399739570814,-0.3348495071441743
-217.08993171444854,-0.3224133731640586
-216.59854022745424,-0.3101493245587507
-216.10982779273786,-0.2980542376415802
-215.62379924182176,-0.28612504362865104
-215.14045937969286,-0.2743587281821391
-214.65981298475322,-0.2627523309508215
-214.1818648087749,-0.2513029451081018
-213.70661957685058,-0.24000771688741945
-213.2340819873492,-0.228863845115317
-212.76425671186848,-0.21786858074208557
-212.2971483951883,-0.20701922637013198
-211.8327601886159,-0.19631310212770076
-211.37109392522393,-0.18579285802458406
-210.91215571603948,-0.17553987948436925
-210.45595302266383,-0.16554750022336
-210.00249042347104,-0.155806949801245
-209.55177239667148,-0.1463096600907689
-209.10380339335836,-0.13704726473772288
-208.6585878374641,-0.12801159696489897
-208.21613012571686,-0.119194687369738
-207.7764346275975,-0.1105887617160011
-207.33950568529724,-0.10218623871983
-206.90534761367417,-0.09397972783049718
-206.47396470021226,-0.08596202700624582
-206.04536120497767,-0.07812612048549866
-205.6195413605791,-0.07046517655386571
-204.97424272744968,-0.05885557988383233

line
-204.6933946220314,4.065249837785023
-204.73192689533153,3.818237158121967

line
-204.98080315950676,0.19105832675448178
-174.974375,0

line
-204.92328619504838,-2.0
-204.98080315950676,0.19105832675448178

-color
t
255,0,255
line
-214.7704250195618,5.70631350118353
-234.974375,-0.8777301614106615

-color
t
255,0,0
line
-204.6933946220314,4.096324292010374
-204.97424272744968,-0.08908611297024244

-color
t
255,0,255
text
-234.974375,-27.88834210935631
8
0
5-8

-color
t
255,0,255
spline
m
f
k
c
-440.250550614816,4.094388649238163
-441.063453000353,4.223335335463166
-441.4755268742408,4.288405146651051
-441.8902094913161,4.354084190047972
-442.30749674827416,4.420373724411292
-442.727384516044,4.487274951299693
-443.1498686398277,4.554789014004459
-443.57494369859876,4.622916797392866
-444.0026042831564,4.69162249802898
-444.4328475216396,4.760870859347261
-444.8656704815078,4.83066567031774
-445.30106888482,4.901010586976997
-445.73903842804225,4.971909341092207
-446.17957478222013,5.0433657409246955
-446.62267359302143,5.115383671969598
-447.06833048077885,5.187967097692174
-447.51654104053364,5.261120060260889
-447.96730084207843,5.334846681276886
-448.4206054300013,5.409151162500023
-448.87645032372893,5.484037786570998
-449.3348310175717,5.559510917729842
-449.79574298076705,5.635575002530281
-450.259181657525,5.712234570550156

line
-440.28965909699764,3.847466542853471
-410.535625,0

spline
m
f
k
c
-470.80877186801376,-0.9214110890306252
-470.24829771612826,-0.9023379324388454
-469.69014792784776,-0.8834469037881142
-469.1343280212237,-0.864734379207118
-468.580843491269,-0.8461967987012046
-468.0296998099043,-0.8278306657970218
-467.48090242590274,-0.809632547181958
-466.93445676483793,-0.7915990723386895
-466.3903682290287,-0.7737269331746627
-465.8486421974867,-0.7560128836467638
-465.3092840258631,-0.7384537393811429
-464.7722990463956,-0.7210463772882791
-464.2376925678557,-0.7037877351733987
-463.7054698754964,-0.686674811342255
-463.17563623100045,-0.6697046642023908
-462.6481955946057,-0.6528743711861462
-462.12315117489254,-0.6362259441585288
-461.60050942797204,-0.6198261967292303
-461.08027754526313,-0.6036717387505485
-460.5624606943484,-0.5877583221068521
-460.0470639944725,-0.5720817587336071
-459.5340925409498,-0.5566379210362649
-459.0235514051144,-0.5414227415333925
-458.5154456342692,-0.5264322124957177
-458.0097802516374,-0.5116623855811472
-457.5065602563117,-0.49710937146578127
-457.0057906232058,-0.4827693394710521
-456.5074763030045,-0.4686385171870141
-456.01162222211565,-0.4547131900919098
-455.51823328262117,-0.440989701168007
-455.027314362228,-0.42746445051383236
-454.53887031422164,-0.41413389495290237
-454.052905967416,-0.4009945476388984
-453.5694261261074,-0.38804297765752555
-453.0884355700267,-0.3752758096249991
-452.6099390542922,-0.362689723283288
-452.1339413093617,-0.35028145309215714
-451.6604470409877,-0.33804778781814204
-451.18946093016893,-0.3259855701204371
-450.7209876331058,-0.31409169613386034
-450.2550317811532,-0.3023631150488956
-449.7915979807751,-0.2907968286889402
-449.33069081350004,-0.27938989108481216
-448.87231483587425,-0.2681394080465605
-448.4164745794179,-0.2570425367327091
-447.9631745505799,-0.24609648521695904
-447.5124192306936,-0.235298512052459
-447.064213075932,-0.22464592583367915
-446.61856051726465,-0.21413608475601478
-446.175465960413,-0.20376639617313694
-445.7349337858076,-0.19353431615221248
-445.2969668819344,-0.18343731537455196
-444.86156682057594,-0.17351561374998437
-444.42873945300335,-0.16384596841736807
-443.99849198259847,-0.1544220961688847
-443.57082873105423,-0.14523572561902737
-443.1457539214422,-0.1362787760924287
-442.7232717512603,-0.1275433572083409
-442.30338639239244,-0.11902176680949499
-441.88610199106733,-0.11070648888500602
-441.4714226678175,-0.10259019148762721
-441.0593525174402,-0.09466572464574625
-440.53540538378104,-0.08458976625910095

line
-440.250550614816,4.094388649238163
-440.28965909699764,3.847466542853471

line
-440.54228319488834,0.16531560726130112
-410.535625,0

line
-440.48269011161585,-2.0
-440.54228319488834,0.16531560726130112

-color
t
255,0,255
line
-449.874438982406,5.678986738794678
-470.535625,-0.9421200574599399

-color
t
255,0,0
line
-440.250550614816,4.125917559276846
-440.53540538378104,-0.11479078755885869

-color
t
255,0,255
text
-470.535625,-28.008486294106582
8
0
5-10

-color
t
255,0,255
spline
m
f
k
c
-675.8071586119783,4.128094500717342
-676.3468528739461,4.21477906717682
-676.7438501645984,4.278220267605341
-677.143282006182,4.342238152008681
-677.5451432430909,4.406799065106647
-677.9494312586036,4.471869890331061
-678.3561433768597,4.537454200881976
-678.7652755781385,4.603555432267134
-679.1768238186617,4.6701770911551925
-679.5907840307648,4.737322756094732
-680.0071521229368,4.804996078209191
-680.4259239798603,4.873200781888834
-680.8470954624524,4.941940665479544
-681.270662407905,5.011219601968286
-681.6966206297263,5.081041539665493
-682.1249659177813,5.151410502883441
-682.5556940383339,5.222330592611534
-682.9888007340878,5.293805987187521
-683.4242817242298,5.365840942965122
-683.8621327044696,5.43843979497738
-684.3023493470846,5.511606957596368
-684.7449273009613,5.585346925188394
-685.1898621916376,5.659664272764906

line
-675.8467217899561,3.88124484009717
-646.096875,0

spline
m
f
k
c
-706.4812720266507,-0.9945637349492338
-705.9394678093759,-0.9753427702444171
-705.3998108437218,-0.9563184909269897
-704.8623064648418,-0.9374870626383482
-704.3269599866035,-0.9188447132419146
-703.7937767015358,-0.9003877325243853
-703.2627618807778,-0.8821124718917555
-702.733920774026,-0.8640153440601778
-702.207258609483,-0.8460928227417592
-701.6827805938042,-0.8283414423252838
-701.1604919120493,-0.8107577975520276
-700.6403977276284,-0.7933385431865951
-700.1225031822528,-0.7760803936829888
-699.6068133958833,-0.7589801228458082
-699.0933334666797,-0.7420345634868226
-698.5820684709513,-0.7252406070768149
-698.0730234631051,-0.7085952033928764
-697.5662034755983,-0.6920953601611812
-697.0616135188862,-0.6757381426952519
-696.5592585813743,-0.6595206735298769
-696.0591436293685,-0.6434401320506798
-695.5612736070259,-0.6274937541194149
-695.0656521584849,-0.6116787910213174
-694.5722821776541,-0.5960347163353902
-694.0811698074044,-0.5806243154644826
-693.5923219273493,-0.5654444066597296
-693.1057433947037,-0.5504909981201948
-692.6214390197849,-0.5357601544270164
-692.139413590424,-0.521247996983553
-691.6596718719185,-0.5069507036800452
-691.1822186069847,-0.4928645085544356
-690.7070585157119,-0.4789857014493837
-690.234196295515,-0.46531062766556375
-689.7636366210884,-0.4518356876112603
-689.2953841443596,-0.4385573364484062
-688.8294434944439,-0.4254720837350824
-688.3658192775985,-0.41257649306452476
-687.904516077176,-0.3998671817007505
-687.4455384535813,-0.3873408202108901
-686.9888909442241,-0.3749941320941722
-686.5345780634757,-0.3628238934078024
-686.0826043026245,-0.3508269323896668
-685.6329741298308,-0.33900012907797694
-685.1856919900829,-0.32734041492794574
-684.7407623051539,-0.3158447724255228
-684.298189473557,-0.304510234698285
-683.8579778705035,-0.2933338851235485
-683.420131847858,-0.28231285693373487
-682.9846557340959,-0.27144433281912617
-682.5515538342622,-0.26072554452804364
-682.1208304299266,-0.25015377246446674
-681.692489779143,-0.23972634528327885
-681.2665361164064,-0.22944063948309357
-680.8429736526124,-0.21929407899681877
-680.4218065750134,-0.20928413477993885
-680.00303904718,-0.1994083243967099
-679.5866752089577,-0.1896642116041909
-679.172719176427,-0.18004940593429558
-678.7611735752529,-0.1705615286214032
-678.3520397159278,-0.16123836947538206
-677.9453231899673,-0.15215205735036932
-677.541030942533,-0.14329669211440688
-677.1391670386374,-0.13466450143680972
-676.7397354462129,-0.12624789209408846
-676.0965340315892,-0.11269469515562615

line
-675.8071586119783,4.128094500717342
-675.8467217899561,3.88124484009717

line
-676.103757583273,0.13720092365565106
-646.096875,0

line
-676.0419790638886,-2.0
-676.103757583273,0.13720092365565106

-color
t
255,0,255
line
-684.9539139797148,5.650646245304107
-706.096875,-1.0109330508717023

-color
t
255,0,0
line
-675.8071586119783,4.15921238888032
-676.0965340315892,-0.14303142445753508

-color
t
255,0,255
text
-706.096875,-28.12863047885685
8
0
5-12

-color
t
255,0,255
spline
m
f
k
c
-911.3631384361645,4.1658560539338145
-911.8466162722118,4.244242731446231
-912.2294822714568,4.306100277557251
-912.6146092092811,4.368444841218158
-913.0019932793094,4.431279771264747
-913.3916306528521,4.494608484448776
-913.7835174789418,4.558434466085494
-914.1776498843712,4.622761270698179
-914.5740239737316,4.687592522659696
-914.9726358294515,4.752931916830973
-915.3734815118337,4.8187832191958835
-915.776557059096,4.885150267493218
-916.1818584874086,4.952036971844752
-916.5893817909345,5.019447315380063
-916.9991229418673,5.087385354857283
-917.4110778904728,5.155855221280457
-917.8252425651276,5.224861120512688
-918.2416128723588,5.294407333885297
-918.6601846968856,5.364498218803045
-919.0809539016586,5.435138209344847
-919.5039163279009,5.50633181686042
-919.9290677951489,5.5780836305622366
-920.3564041012934,5.65039831811309

line
-911.4030885086838,3.919068712877379
-881.6581249999999,0

spline
m
f
k
c
-941.7708202853544,-1.0601629176816423
-941.2498757269678,-1.0407821205843653
-940.7309050738088,-1.0216121521207837
-940.2139134564443,-1.0026490090917812
-939.6989059858713,-0.9838887483416592
-939.1858877534663,-0.9653274865142458
-938.6748638309356,-0.9469613998037698
-938.1658392702636,-0.9287867237004588
-937.6588191036653,-0.910799752731081
-937.1538083435343,-0.892996840194277
-936.6508119823948,-0.8753743978909347
-936.149834992852,-0.857928895849515
-935.6508823275428,-0.8406568620464759
-935.153958919087,-0.8235548821218079
-934.6590696800386,-0.806619599089734
-934.1662195028375,-0.7898477130446708
-933.6754132597606,-0.773235980862451
-933.1866558028748,-0.7567812158969365
-932.6999519639878,-0.7404802876719851
-932.2153065546015,-0.7243301215689586
-931.7327243658638,-0.7083276985096594
-931.2522101685216,-0.6924700546349566
-930.7737687128737,-0.6767542809789642
-930.2974047287236,-0.6611775231389896
-929.8231229253333,-0.6457369809412202
-929.3509279913769,-0.6304299081022253
-928.880824594893,-0.6152536118863572
-928.4128173832405,-0.6002054527591048
-927.9469109830515,-0.5852828440364392
-927.483108722364,-0.5704832108564867
-927.0214131804156,-0.5558434885122533
-926.5618301868368,-0.5414224341997348
-926.1043663094356,-0.527217074568909
-925.6490260950591,-0.5132236741335373
-925.1958140450972,-0.49943855012042554
-924.7447346398982,-0.48585807293084066
-924.2957923387225,-0.4724786658266993
-923.8489915797003,-0.45929680461315286
-923.4043367797865,-0.44630901731762146
-922.9618323347182,-0.4335118838653442
-922.5214826189708,-0.420902035751468
-922.0832919857146,-0.40847615570979934
-921.6472647667722,-0.39623097737825447
-921.2134052725758,-0.3841632849610402
-920.781717792124,-0.3722699128876694
-920.352206592941,-0.36054774546887713
-919.9248759210323,-0.3489937165494484
-919.4997300008442,-0.33760480915808305
-919.0767730352225,-0.32637805515433366
-918.6560092053694,-0.31531053487266814
-918.2374426708041,-0.30439937676373213
-917.8210775693201,-0.2936417570329029
-917.4069180169452,-0.2830348992761337
-916.9949681079013,-0.27257607411323453
-916.5852319145627,-0.2622625988185706
-916.1777134874167,-0.2520918369493117
-915.7724168550244,-0.2420611979712746
-915.369346023979,-0.23216813688237395
-914.9685049788682,-0.22241015383385082
-914.5698976822332,-0.21278479374923043
-914.1735280745312,-0.20328964594117693
-913.779400074095,-0.19392234372619957
-913.3875175770953,-0.18468056403740477
-912.9978844575023,-0.17556202703524335
-912.6105045670463,-0.16656449571637716
-912.2253802685714,-0.15768574186825302
-911.6576156637693,-0.14459635179425415

line
-911.3631384361645,4.1658560539338145
-911.4030885086838,3.919068712877379

line
-911.6651833105245,0.10528908340073034
-881.6581249999999,0

line
-911.6014257566337,-2.0
-911.6651833105245,0.10528908340073034

-color
t
255,0,255
line
-920.0032910068578,5.621055465473723
-941.6581249999999,-1.0859793852763355

-color
t
255,0,0
line
-911.3631384361645,4.196686402065676
-911.6576156637693,-0.17481394229174926

-color
t
255,0,255
text
-941.6581249999999,-28.248774663607122
8
0
5-14

-color
t
255,0,255
spline
m
f
k
c
-1146.9185508634896,4.2067958159368395
-1147.50820430629,4.303581875916822
-1147.8773855395584,4.363965443351105
-1148.2486510291767,4.42482229399644
-1148.6219971058863,4.486155935508323
-1148.9974200798583,4.547969942374908
-1149.3749162407296,4.610267956501997
-1149.7544818576393,4.673053687795018
-1150.136113179265,4.73633091473719
-1150.519806433861,4.800103484964539
-1150.9055578292937,4.864375315836974
-1151.29336355308,4.929150395005699
-1151.6832197724245,4.994432780976859
-1152.0751226342566,5.060226603671109
-1152.4690682652695,5.126536064979337
-1152.8650527719572,5.193365439313967
-1153.2630722406532,5.260719074156275
-1153.6631227375694,5.328601390599274
-1154.0652003088342,5.397016883886118
-1154.4693009805308,5.465970123943959
-1154.8754207587376,5.535465755913342
-1155.2835556295668,5.605508500672659

line
-1146.9589905147195,3.96008822665674
-1117.2193750000001,0

spline
m
f
k
c
-1177.656819539473,-1.1560235675156196
-1177.1552923487855,-1.1365034324608403
-1176.6555597681797,-1.1171050679872716
-1176.1576267384232,-1.0978261429954546
-1175.6614981729,-1.0786643678051429
-1175.1671771953145,-1.0596177434263012
-1174.6746673957919,-1.0407427394824513
-1174.183975459473,-1.0220795271647236
-1173.695107575314,-1.00362420348124
-1173.2080685761816,-0.9853728707750301
-1172.7228632768558,-0.9673216879651105
-1172.2394964739851,-0.9494668703343581
-1171.757972946037,-0.9318046893122897
-1171.2782974532515,-0.9143314722528506
-1170.8004747375946,-0.8970436022072603
-1170.324509522711,-0.8799375176919648
-1169.8504065138768,-0.8630097124516853
-1169.3781703979548,-0.8462567352177429
-1168.9078058433468,-0.8296751894615624
-1168.439317499948,-0.8132617331435216
-1167.9727099991007,-0.7970130784571158
-1167.50798795355,-0.7809259915685669
-1167.0451559573962,-0.7649972923518609
-1166.584218586051,-0.7492238541192907
-1166.1251803961923,-0.733602603347585
-1165.6680459257173,-0.718130519399621
-1165.2128196937006,-0.7028046342418462
-1164.7595062003472,-0.6876220321573759
-1164.3081099269502,-0.6725798494549277
-1163.8586353358444,-0.6576752741735118
-1163.4110868703635,-0.6429055457830916
-1162.9654689547963,-0.6282679548811165
-1162.521785994342,-0.6137598428851042
-1162.0800423750686,-0.5993786017212622
-1161.6402424638677,-0.5851216735092002
-1161.2023906084119,-0.5709865502428391
-1160.7664911371126,-0.5569707734675293
-1160.332548359077,-0.5430719339534651
-1159.9005652862434,-0.5292876306916577
-1159.4705441831773,-0.5156522606891161
-1159.0424905662694,-0.5022205529349887
-1158.616410691522,-0.4889897424780917
-1158.1923087954144,-0.4759563501468832
-1157.7701890704097,-0.46311694581383644
-1157.3500556893725,-0.4504681488781301
-1156.9319128055267,-0.43800662797335327
-1156.515764552416,-0.42572910067187014
-1156.101615043861,-0.4136323331858608
-1155.6894683739215,-0.40171314006512787
-1155.2793286168535,-0.38996838389167726
-1154.8711998270696,-0.37839497497119234
-1154.4650860391005,-0.3669898710214279
-1154.0609912675532,-0.3557500768575587
-1153.6589195070721,-0.34467264407458825
-1153.2588747323007,-0.33375467072686565
-1152.8608608978404,-0.32299330100472434
-1152.4648819382128,-0.31238572490836347
-1152.0709417678204,-0.3019291779190018
-1151.6790442809083,-0.2916209406673605
-1151.2891933515252,-0.2814583385995211
-1150.9013928334862,-0.2714387416402825
-1150.5156465603334,-0.2615595638539818
-1150.1319583452992,-0.2518182631029215
-1149.7503319812674,-0.24221234070340872
-1149.3707712407377,-0.23273934107949928
-1148.9932798757866,-0.22339685141450624
-1148.6178616180314,-0.21418250130028035
-1148.2445201785933,-0.20509396238442057
-1147.8732592480599,-0.19612894801536643
-1147.2186364624313,-0.18032146008218133

line
-1146.9185508634896,4.2067958159368395
-1146.9589905147195,3.96008822665674

line
-1147.2266174357617,0.06955111557328694
-1117.2193750000001,0

line
-1147.160515614799,-2.0
-1147.2266174357617,0.06955111557328694

-color
t
255,0,255
line
-1155.0154423705662,5.589910947060289
-1177.2193750000001,-1.169017277150406

-color
t
255,0,0
line
-1146.9185508634896,4.2378004943037215
-1147.2186364624313,-0.2105034647924259

-color
t
255,0,255
text
-1177.2193750000001,-28.368918848357396
8
0
5-16

-color
t
255,0,255
spline
m
f
k
c
-1364.696013820445,4.228899620933974
-1365.2462549029124,4.3198422936645535
-1365.6078515902395,4.379379779815754
-1365.97144511739,4.439383448830617
-1366.3370318909915,4.499856874002491
-1366.704608297964,4.560803694677141
-1367.0741707055552,4.6222276168065815
-1367.445715461377,4.684132413499125
-1367.8192388934408,4.746521925565903
-1368.194737310194,4.809400062063769
-1368.5722070005554,4.872770800834252
-1368.9516442339536,4.936638189038791
-1369.3330452603611,5.0010063436898315
-1369.716406310333,5.065879452177871
-1370.1017235950435,5.131261772794422
-1370.4889933063228,5.1971576352505835
-1370.878211616695,5.263571441191242
-1371.2693746794153,5.330507664704958
-1371.662478628508,5.397970852829137
-1372.0575195788047,5.465965626050528
-1372.454493625982,5.534496678801237
-1372.8533968466,5.603568779949583

line
-1364.7367206071815,3.9822359683347845
-1335.0,0

spline
m
f
k
c
-1395.1610141435008,-1.1887676779608036
-1394.6710917381379,-1.169474050478428
-1394.1828786473593,-1.1503070955823964
-1393.6963796980085,-1.1312644054958916
-1393.2115996999783,-1.1123436132955027
-1392.7285434461623,-1.0935423927660943
-1392.2472157124084,-1.074858458251878
-1391.7676212574718,-1.0562895645036592
-1391.2897648133799,-1.0378335061524742
-1390.8136493231364,-1.0194883553041787
-1390.339278196827,-1.0013085000284896
-1389.866657940212,-0.9833326346386463
-1389.3957945635302,-0.9655570017750037
-1388.926692721595,-0.9479778473217243
-1388.4593570517998,-0.9305914716554847
-1387.9937921740732,-0.9133942294411466
-1387.5300026908333,-0.8963825294225445
-1387.0679931869417,-0.8795528342084458
-1386.6077682296589,-0.8629016600537693
-1386.1493323685986,-0.846425576636063
-1385.6926901356833,-0.8301212068272994
-1385.2378460450996,-0.8139852264610755
-1384.784804593253,-0.798014364095208
-1384.3335702587242,-0.7822054007698136
-1383.884147502225,-0.7665551697609149
-1383.4365407665534,-0.7510605563296131
-1382.9907544765508,-0.7357184974668872
-1382.5467930390573,-0.720525981634069
-1382.1046608428694,-0.7054800484990419
-1381.6643622586953,-0.6905777886682068
-1381.225901639113,-0.6758163434143019
-1380.789283318527,-0.6611929044000732
-1380.3545116131245,-0.6467047133979149
-1379.9215908208348,-0.6323490620054407
-1379.4905252212845,-0.618123291357159
-1379.0613190757576,-0.6040247918321937
-1378.6339766271512,-0.5900510027581614
-1378.2085020999361,-0.5761994121112841
-1377.7848997001129,-0.5624675562126876
-1377.363173615171,-0.5488530194210791
-1376.9433280140486,-0.5353534338217436
-1376.5253670470897,-0.521966478911978
-1376.109293568183,-0.508689840609245
-1375.695109684558,-0.4955566467775493
-1375.2828207559855,-0.48261961230261474
-1374.8724328825651,-0.46987607643268375
-1374.4639501455922,-0.45732268815355537
-1374.0573765830661,-0.4449561436605444
-1373.6527162141097,-0.4327731868517765
-1373.2499730389288,-0.4207706090466827
-1372.8491510387737,-0.40894524870123045
-1372.4502541758984,-0.3972939911199804
-1372.0532863935232,-0.3858137681650188
-1371.6582516157946,-0.37450155796178347
-1371.2651537477473,-0.36335438460189035
-1370.8739966752646,-0.35236931784301617
-1370.4847842650418,-0.34154347280581865
-1370.0975203645462,-0.3308740096680483
-1369.7122088019805,-0.3203581333558605
-1369.3288533862444,-0.3099930932323622
-1368.947457906897,-0.2997761827835028
-1368.5680261341192,-0.2897047393013379
-1368.1905618186777,-0.27977614356470715
-1367.815068691886,-0.269987819517416
-1367.4415504655694,-0.2603372339439735
-1367.0700108320275,-0.2508218961429063
-1366.7004534639977,-0.2414393575977647
-1366.3328820146198,-0.23218721164582742
-1365.967300117398,-0.22306309314459277
-1365.6037113861678,-0.21406467813612234
-1364.999123868008,-0.19910181232085145

line
-1364.696013820445,4.228899620933974
-1364.7367206071815,3.9822359683347845

line
-1365.0072953326362,0.050764606322851374
-1335.0,0

line
-1364.9402284953544,-2.0
-1365.0072953326362,0.050764606322851374

-color
t
255,0,255
line
-1372.504775801016,5.57363709214322
-1395.0,-1.21244341120151

-color
t
255,0,0
line
-1364.696013820445,4.259901780082348
-1364.999123868008,-0.2292752754188529

-color
t
255,0,255
text
-1395.0,-28.42899094073253
8
0
5-17

